# Southern Hake Data																							
# Julio 2014																							
# OK: number years																							
38																							
																							
# OK: number ages																							
24																							
																							
# OK: years vector																							
1977																							
1978																							
1979																							
1980																							
1981																							
1982																							
1983																							
1984																							
1985																							
1986																							
1987																							
1988																							
1989																							
1990																							
1991																							
1992																							
1993																							
1994																							
1995																							
1996																							
1997																							
1998																							
1999																							
2000																							
2001																							
2002																							
2003																							
2004																							
2005																							
2006																							
2007
2008
2009
2010
2011
2012
2013
2014																							
																							
# OK: vector ages																							
1	2	3	4	5	6	7	8	9	10	11	12	13	14	15	16	17	18	19	20	21	22	23	24
																							
# OK: Survey biomass																							
0																							
0																							
0																							
0																							
0																							
0																							
0																							
0																							
0																							
0																							
0																							
0																							
0																							
0																							
0																							
0																							
0																							
0																							
0																							
0																							
0																							
0																							
0																							
133845																							
100362																							
50356																							
84268																							
53200																							
43763																							
0																							
53350																							
59102																							
65337																							
51451																							
60394																							
51270																							
42789
0																							
																							
# OK: abundaces index																							
0	0	0
0	0	0
1	0	0
0.806	0	0
0.589	0	0
0.795	0	0
0.607	0	0
0.506	0	0
0.555	0	0
0.501	0	0
0.551	1.638095238	0
0.473	1.633333333	0
0.383	1.185714286	0
0.308	0.880952381	0
0.339	0.647619048	0
0.328	0.828571429	0
0.212	0.676190476	0
0.236	0.795238095	0
0.242	0.885714286	0.370277078
0.272	0.823809524	0.453148615
0.297	0.933333333	0.501007557
0.263	0.985714286	0.386146096
0.287	1.195238095	0.44559194
0.452	1.19047619	0.503274559
0.512	1	1
0.733	1.09047619	0.972644836
0.752	0.857142857	0.814206549
0.691	0.642857143	0.708942065
0.462	0.561904762	0.520658116
0.485	0.523809524	0.45157444
0.523	0.452380952	0.414911011
0.592	0.547619048	0.556603228
0.600	0.471428571	0.5215056
0.581	0.571428571	0.319496222
0.555	0.566666667	0.314282116
0.581	0.628571429	0.27884131
0.714	0.59047619	0.261914358
0.000	0	0
																					
# OK: Landing by fleet																							
2250	0	0																					
36342	0	0																					
44065	0	0																					
35731	0	0																					
38245	0	606																					
44046	0	535																					
30221	0	673																					
29281	0	2256																					
24201	0	7485																					
31311	0	10207																					
28707	2740	25171																					
26689	6080	36533																					
25359	8887	23162																					
17847	6801	27283																					
13636	8309	17024																					
17003	4599	16735																					
10372	2894	9475																					
12814	3066	8987																					
11572	4608	9447																					
10811	3598	9949																					
10615	2929	9925																					
9573	4723	10061																					
11818	4858	11014																					
11658	5623	12264																					
6978	6311	14625																					
7565	6259	13741																					
8677	6033	14692																					
9563	5831	15245																					
9083	5177	14904																					
10132	5210	14194																					
10113	4322	15439																					
10005	4366	14664																					
9953	4788	13302																					
10103	4425	10998																					
10074	2399	7440																					
11024	3716	5549																					
11328	2368	5677
7087	1481	3552
																							
# OK: catch at age trawl																						
0	0	0	0	0	0	0	0	0	0	0	0	0	0	0	0	0	0	0	0	0	0	0	0
0	0	0	0	0	0	0	0	0	0	0	0	0	0	0	0	0	0	0	0	0	0	0	0
0	0	0	0	0	0	0	0	0	0	0	0	0	0	0	0	0	0	0	0	0	0	0	0
0	0	0	0	0	0	0	0	0	0	0	0	0	0	0	0	0	0	0	0	0	0	0	0
207	287	1996	19348	48835	77458	121000	140000	153000	333000	457000	428000	441000	448000	457000	440000	434000	604000	544000	544000	437000	356000	325000	704000
245	0	3137	9670	21582	75736	142000	173000	266000	435000	535000	652000	1020000	841000	761000	731000	574000	454000	496000	308000	318000	213000	108000	195000
3881	4335	143000	188000	231000	106000	72107	85286	202000	312000	473000	591000	639000	687000	437000	422000	487000	485000	510000	388000	282000	254000	88894	248000
351	5628	33249	35488	43549	88746	105000	185000	235000	352000	465000	516000	679000	674000	610000	511000	384000	289000	205000	136000	79778	66977	34154	41250
352	123	11418	18675	25284	47739	106000	169000	256000	346000	469000	555000	578000	636000	531000	449000	350000	229000	169000	127000	100000	41043	31729	45159
0	14161	101000	425000	527000	314000	215000	294000	503000	650000	791000	910000	1190000	907000	1150000	888000	656000	600000	367000	259000	133000	101000	62521	67118
219	25711	284000	501000	734000	747000	539000	626000	526000	664000	670000	853000	884000	867000	745000	661000	459000	348000	249000	118000	88409	52102	33317	14620
0	2337	12316	57298	138000	281000	457000	603000	917000	976000	907000	1100000	1100000	842000	571000	321000	241000	146000	118000	69503	59443	41174	37564	26965
0	1498	12960	89987	101000	141000	237000	411000	673000	995000	1110000	828000	815000	748000	817000	433000	347000	289000	167000	103000	69566	36192	48087	25128
0	160	7967	35873	59340	84560	109000	312000	443000	722000	822000	809000	810000	667000	473000	374000	266000	176000	170000	81881	77308	49795	32155	24933
0	0	6101	59030	97915	145000	121000	153000	258000	329000	572000	669000	603000	687000	619000	561000	508000	326000	183000	81877	62101	50056	22794	20835
0	0	202	403	396	15751	22542	30080	54688	190000	494000	723000	1230000	1120000	1020000	796000	627000	564000	338000	137000	50018	21591	9164	3249
0	6188	4942	11369	77501	122000	149000	117000	209000	294000	405000	512000	523000	447000	526000	446000	264000	213000	136000	88790	56208	30660	15588	24757
0	0	36982	147000	85020	106000	243000	382000	594000	656000	761000	822000	697000	545000	383000	270000	245000	118000	103000	36049	29778	17644	7709	14490
0	0	8767	42052	89564	168000	216000	368000	589000	653000	772000	595000	493000	348000	204000	148000	101000	53001	23817	4586	5520	44	87	0
0	82	11595	66514	147000	209000	224000	268000	395000	470000	507000	667000	505000	405000	368000	212000	138000	81816	56975	34732	31019	13784	15382	9695
0	0	813	4033	56780	216000	261000	362000	307000	477000	582000	605000	531000	438000	290000	169000	122000	63448	38213	30824	12407	2252	3019	4979
0	0	9449	21737	60518	213000	290000	408000	526000	613000	674000	465000	467000	361000	248000	126000	85480	46991	27537	19021	3128	13048	999	2035
0	0	0	10502	35743	117000	169000	271000	423000	528000	752000	633000	699000	549000	400000	191000	95463	64778	49113	27167	11444	3207	4286	7395
0	924	1348	22740	33695	83140	90492	185000	270000	346000	500000	415000	561000	555000	535000	348000	276000	192000	106000	100000	37663	11079	16294	23429
0	0	1049	16015	32524	93109	106000	158000	285000	327000	430000	325000	345000	245000	216000	111000	59616	30204	26028	9845	2266	1467	55	20
0	200	7195	32450	49510	53928	89198	141000	278000	275000	447000	342000	367000	269000	219000	122000	74417	46571	28494	5910	5114	2255	1594	955
0	0	2203	35844	88396	207000	218000	221000	258000	305000	461000	430000	370000	303000	197000	95636	44492	16834	3808	3052	1529	2191	6010	256
0	2960	4417	9858	38089	80830	122000	165000	213000	199000	347000	311000	391000	331000	284000	205000	104000	68704	19354	9348	2803	6254	6275	522
9	2417	16555	23824	30317	47097	87442	165162	206056	299278	387863	432890	410547	274183	232035	122296	80822	26187	13318	8231	5000	1165	0	2801
0	2602	9037	30667	56981	60641	54228	71116	96955	155605	167540	209043	351715	361730	334517	234441	205799	125925	75250	44884	17746	10323	331	2037
0	0	11555	25467	83515	99057	78639	98435	107741	151487	234721	294365	365872	356128	326097	201478	141220	77306	52641	37533	20944	11136	5608	4216
0	4036	6316	27824	43966	72473	131001	192420	172878	208953	220586	266754	307319	300766	243307	205070	145231	102857	61222	36304	20624	10522	4740	1368
0	444	5484	20537	21430	55814	64484	101309	162909	202264	262745	301183	263663	298977	226878	245540	178893	108563	51440	33595	10368	6303	16014	827
0	36	804	6900	17082	40205	40377	76178	133708	188576	242824	351354	332509	325403	281037	239378	148558	119986	76985	41681	26083	21671	14740	5470
0	1410	12652	19930	22181	45137	74150	125654	219611	342041	477820	461966	319150	273880	196235	140334	89552	51482	30596	14239	16055	3941	2233	944
0	539	6471	25529	31216	34396	42369	88540	125639	202755	279722	349406	357550	388226	349185	261380	177886	116972	93208	41791	24741	11183	9420	8169
315	1006	4271	9096	16946	36343	32156	80386	116469	204476	261348	406832	379687	343057	285507	269686	202208	127906	74418	32698	22433	19698	3116	11304
0	0	0	0	0	0	0	0	0	0	0	0	0	0	0	0	0	0	0	0	0	0	0	0
																							
# OK: catch at age longline																							
0	0	0	0	0	0	0	0	0	0	0	0	0	0	0	0	0	0	0	0	0	0	0	0
0	0	0	0	0	0	0	0	0	0	0	0	0	0	0	0	0	0	0	0	0	0	0	0
0	0	0	0	0	0	0	0	0	0	0	0	0	0	0	0	0	0	0	0	0	0	0	0
0	0	0	0	0	0	0	0	0	0	0	0	0	0	0	0	0	0	0	0	0	0	0	0
0	0	0	0	0	0	0	0	0	0	0	0	0	0	0	0	0	0	0	0	0	0	0	0
0	0	0	0	0	0	0	0	0	0	0	0	0	0	0	0	0	0	0	0	0	0	0	0
0	0	0	0	0	0	0	0	0	0	0	0	0	0	0	0	0	0	0	0	0	0	0	0
0	0	0	0	0	0	0	0	0	0	0	0	0	0	0	0	0	0	0	0	0	0	0	0
0	0	0	0	0	0	0	0	0	0	0	0	0	0	0	0	0	0	0	0	0	0	0	0
0	0	0	0	0	0	0	0	0	0	0	0	0	0	0	0	0	0	0	0	0	0	0	0
0	0	0	0	0	0	0	0	0	0	0	0	0	0	0	0	0	0	0	0	0	0	0	0
0	0	0	0	0	0	0	0	0	0	0	0	0	0	0	0	0	0	0	0	0	0	0	0
0	0	0	4356	10595	21819	43217	69914	121000	188000	218000	225000	209000	230000	259000	179000	154000	109000	70742	55889	41625	19141	29743	16736
0	0	41	947	3136	5173	10056	20236	47238	86373	112000	127000	188000	209000	170000	166000	140000	106000	91024	53497	52936	33998	21025	21814
0	0	179	5262	19495	29480	36854	51786	73411	121000	194000	247000	257000	310000	273000	211000	206000	139000	111000	70769	35620	38023	21469	22500
0	0	0	0	0	244	60	492	4182	28495	54291	88838	126000	141000	156000	133000	131000	116000	74819	38323	15798	15308	6526	5286
0	0	0	0	0	0	0	0	0	0	0	0	0	0	0	0	0	0	0	0	0	0	0	0
0	0	0	0	0	0	0	0	0	0	0	0	0	0	0	0	0	0	0	0	0	0	0	0
0	0	0	204	2593	7346	27634	37897	92824	97154	119000	152000	143000	125000	134000	93900	46533	34693	16376	6255	11572	409	0	0
0	0	15	754	4839	14130	34808	54152	83708	100000	116000	161000	127000	102000	79604	41863	38267	19794	8260	4772	2177	1379	843	659
0	0	0	1104	1846	8243	12765	15924	14695	29476	59517	78653	95420	91470	70862	57584	41359	29242	19499	6491	6510	83	1407	1913
0	0	274	2140	7915	11143	32075	76618	101000	129000	150000	128000	156000	167000	127000	77076	48247	28114	16297	5709	6457	3507	919	1623
0	0	0	192	959	2988	8571	41867	74228	112000	164000	158000	211000	193000	148000	72832	44963	23937	23678	13925	6741	2432	2297	3125
0	0	0	670	4252	19801	26901	63219	97121	107000	168000	139000	189000	186000	152000	107000	82214	69980	44035	32931	17014	8874	8053	9813
0	0	0	230	2671	17102	31308	79150	152000	190000	280000	209000	253000	197000	154000	80689	53178	16937	22530	6536	2237	161	93	22
0	0	8	514	2505	16670	45005	107000	166000	189000	290000	214000	243000	179000	137000	76316	44759	26877	16907	3967	2115	753	1000	633
0	0	105	1303	16957	85541	154000	253000	275000	341000	363000	263000	173000	119000	51541	29779	10657	5047	2059	762	821	451	1328	21
0	0	9	406	7969	49659	93163	154000	187000	173000	274000	207000	217000	159000	123000	68967	32549	21398	5649	3112	199	2762	1099	160
0	0	0	918	8242	14995	30551	71194	113971	153916	176936	245131	195059	140327	98683	57456	38645	20430	12320	7977	2191	370	0	4283
0	4	18	1461	8208	19786	24788	38052	50465	92947	93117	102843	197471	216231	201038	109139	84251	34764	26927	9578	3291	1368	397	401
0	0	40	126	1198	7187	14718	35733	55158	79241	122462	139370	167734	200487	164112	92063	52447	29096	15827	6319	3741	2277	1707	494
0	0	0	0	182	4767	40153	57982	81707	108971	150324	149417	172476	138416	99720	61473	43422	20863	11133	6801	3929	2402	413	277
0	0	0	1	220	5859	12286	29864	53434	77476	112096	143578	129094	163739	106838	74669	53332	23129	12771	4449	1603	683	594	63
0	0	0	0	484	4247	9483	26045	62678	122667	149582	208927	176187	145694	111652	66429	31157	15551	5308	2681	2256	1874	98	281
0	0	0	4	182	2014	7864	18108	41832	74854	104458	118292	97912	73617	45561	34694	18328	6442	4769	2021	1257	510	663	89
0	0	0	81	391	1708	8710	12082	22895	65318	102374	148199	146242	121125	116167	114768	65317	44245	24470	12832	6981	2437	2102	2025
0	0	0	2	121	409	543	5894	13274	30367	64248	99740	80115	96916	72133	69305	50774	24971	12910	3418	2182	1271	1309	1646
0	0	0	0	0	0	0	0	0	0	0	0	0	0	0	0	0	0	0	0	0	0	0	0
																							
# OK: catch at age artisanal																							
0	0	0	0	0	0	0	0	0	0	0	0	0	0	0	0	0	0	0	0	0	0	0	0
0	0	0	0	0	0	0	0	0	0	0	0	0	0	0	0	0	0	0	0	0	0	0	0
0	0	0	0	0	0	0	0	0	0	0	0	0	0	0	0	0	0	0	0	0	0	0	0
0	0	0	0	0	0	0	0	0	0	0	0	0	0	0	0	0	0	0	0	0	0	0	0
0	0	0	0	0	0	0	0	0	0	0	0	0	0	0	0	0	0	0	0	0	0	0	0
0	0	0	0	0	0	0	0	0	0	0	0	0	0	0	0	0	0	0	0	0	0	0	0
0	0	0	0	0	0	0	0	0	0	0	0	0	0	0	0	0	0	0	0	0	0	0	0
0	0	0	0	0	0	0	0	0	0	0	0	0	0	0	0	0	0	0	0	0	0	0	0
0	0	0	0	0	0	0	0	0	0	0	0	0	0	0	0	0	0	0	0	0	0	0	0
0	0	0	0	0	0	0	0	0	0	0	0	0	0	0	0	0	0	0	0	0	0	0	0
0	0	0	5098	33733	122000	307000	502000	740000	783000	1020000	940000	969000	916000	646000	445000	270000	249000	95541	63622	41659	6039	18959	23081
0	0	0	7636	97239	367000	852000	1660000	1890000	1990000	1820000	1540000	1460000	973000	582000	341000	242000	121000	106000	74530	11655	11912	2346	25941
0	0	0	0	0	0	0	0	0	0	0	0	0	0	0	0	0	0	0	0	0	0	0	0
0	0	0	0	0	0	0	0	0	0	0	0	0	0	0	0	0	0	0	0	0	0	0	0
0	0	0	0	0	0	0	0	0	0	0	0	0	0	0	0	0	0	0	0	0	0	0	0
0	0	0	0	0	0	0	0	0	0	0	0	0	0	0	0	0	0	0	0	0	0	0	0
0	0	0	0	0	0	0	0	0	0	0	0	0	0	0	0	0	0	0	0	0	0	0	0
0	0	0	0	0	0	0	0	0	0	0	0	0	0	0	0	0	0	0	0	0	0	0	0
0	1777	65286	142000	262000	268000	434000	536000	484000	331000	292000	239000	204000	120000	124000	77915	34300	44516	17227	7491	4955	2241	1016	0
0	0	853	2420	15836	147000	320000	454000	552000	515000	422000	332000	160000	50638	69390	80690	79422	6474	10598	2522	2660	1167	527	627
475	0	1902	3413	29617	130000	213000	394000	390000	420000	441000	428000	305000	205000	133000	76428	48798	31843	30746	19696	6002	2723	3422	5219
0	0	0	0	0	0	0	0	0	0	0	0	0	0	0	0	0	0	0	0	0	0	0	0
0	1025	8186	44753	90929	171000	277000	282000	404000	414000	440000	495000	411000	313000	259000	150000	98700	56378	5699	12293	3632	3731	5764	0
0	0	9025	31867	154000	235000	404000	523000	537000	689000	581000	399000	365000	275000	237000	154000	94174	58145	41061	18042	4134	1203	903	903
0	1009	13597	64347	112000	293000	469000	728000	758000	767000	764000	627000	442000	313000	213000	160000	106000	49058	17295	8856	5311	6396	319	142
0	0	0	4925	51626	144000	268000	506000	631000	722000	821000	699000	627000	357000	286000	113000	92131	63328	12623	9514	3077	1350	2130	1381
0	670	587	26160	161000	343000	519000	702000	736000	820000	919000	629000	552000	345000	152000	83051	70886	12819	10120	4117	2598	3752	768	477
0	8103	31148	29817	161000	587000	745000	789000	830000	829000	828000	563000	480000	256000	115000	27453	50335	9634	5312	2937	641	612	0	0
0	1520	14050	99805	316955	448963	622331	727920	572050	654802	810666	558426	595544	342042	217021	89192	42016	21942	16777	7650	2375	2384	1264	1388
0	17	37928	50251	300201	591165	1247077	1158793	911663	843214	676078	516776	361965	163409	95132	76353	38589	19575	7043	1632	1961	1899	1123	1037
0	1542	57179	116694	317446	668128	832147	718105	705505	652921	426768	788046	607245	423328	289760	85381	70234	126764	31281	18749	14984	6983	3796	17813
0	0	26846	134452	365408	751802	923706	908222	848018	607890	668437	643470	433943	161915	78100	78305	83219	25538	19191	5246	772	5709	3177	10169
0	0	11415	55186	204767	456184	658471	842859	904151	741586	665893	515451	483354	78806	123352	30661	50528	15641	2601	1915	1403	1671	1771	6508
0	1288	7193	38860	103284	232740	370506	378995	468188	504118	538133	489930	390182	367472	205181	127362	46491	37450	27340	3396	37066	3260	2651	12207
0	1206	7567	51652	118139	200651	336570	416439	537210	545217	512026	347529	208790	142557	76143	82346	33181	18263	3659	10597	1035	5519	16327	3085
0	0	4944	27650	99508	156899	245044	304514	307560	399950	374975	215794	123162	122709	53790	47387	26096	16997	10034	943	163	51	202	500
0	220	5467	47058	74594	140263	147243	285923	330519	360694	427866	293168	151004	118758	67086	26497	17611	10978	4979	982	1024	447	2945	464
0	0	0	0	0	0	0	0	0	0	0	0	0	0	0	0	0	0	0	0	0	0	0	0																							

# abundance at survey (missing  year 2009 and 2014)																							
0	0	0	0	0	0	0	0	0	0	0	0	0	0	0	0	0	0	0	0	0	0	0	0
0	0	0	0	0	0	0	0	0	0	0	0	0	0	0	0	0	0	0	0	0	0	0	0
0	0	0	0	0	0	0	0	0	0	0	0	0	0	0	0	0	0	0	0	0	0	0	0
0	0	0	0	0	0	0	0	0	0	0	0	0	0	0	0	0	0	0	0	0	0	0	0
0	0	0	0	0	0	0	0	0	0	0	0	0	0	0	0	0	0	0	0	0	0	0	0
0	0	0	0	0	0	0	0	0	0	0	0	0	0	0	0	0	0	0	0	0	0	0	0
0	0	0	0	0	0	0	0	0	0	0	0	0	0	0	0	0	0	0	0	0	0	0	0
0	0	0	0	0	0	0	0	0	0	0	0	0	0	0	0	0	0	0	0	0	0	0	0
0	0	0	0	0	0	0	0	0	0	0	0	0	0	0	0	0	0	0	0	0	0	0	0
0	0	0	0	0	0	0	0	0	0	0	0	0	0	0	0	0	0	0	0	0	0	0	0
0	0	0	0	0	0	0	0	0	0	0	0	0	0	0	0	0	0	0	0	0	0	0	0
0	0	0	0	0	0	0	0	0	0	0	0	0	0	0	0	0	0	0	0	0	0	0	0
0	0	0	0	0	0	0	0	0	0	0	0	0	0	0	0	0	0	0	0	0	0	0	0
0	0	0	0	0	0	0	0	0	0	0	0	0	0	0	0	0	0	0	0	0	0	0	0
0	0	0	0	0	0	0	0	0	0	0	0	0	0	0	0	0	0	0	0	0	0	0	0
0	0	0	0	0	0	0	0	0	0	0	0	0	0	0	0	0	0	0	0	0	0	0	0
0	0	0	0	0	0	0	0	0	0	0	0	0	0	0	0	0	0	0	0	0	0	0	0
0	0	0	0	0	0	0	0	0	0	0	0	0	0	0	0	0	0	0	0	0	0	0	0
0	0	0	0	0	0	0	0	0	0	0	0	0	0	0	0	0	0	0	0	0	0	0	0
0	0	0	0	0	0	0	0	0	0	0	0	0	0	0	0	0	0	0	0	0	0	0	0
0	0	0	0	0	0	0	0	0	0	0	0	0	0	0	0	0	0	0	0	0	0	0	0
0	0	0	0	0	0	0	0	0	0	0	0	0	0	0	0	0	0	0	0	0	0	0	0
0	0	0	0	0	0	0	0	0	0	0	0	0	0	0	0	0	0	0	0	0	0	0	0
0	0	58650	58650	152000	675000	1100000	1840000	2520000	3050000	3650000	3630000	4270000	3830000	3640000	2390000	1410000	921000	710000	570000	375000	424000	82617	220000
0	0	1803	5281	27945	190000	340000	1190000	1310000	1680000	2640000	3390000	3210000	4170000	3740000	2100000	1590000	609000	345000	98980	80370	39948	21953	4875
0	1173	9680	11510	50846	282000	298000	539000	1030000	1440000	1450000	1730000	1880000	1880000	1340000	787000	497000	272000	90341	63298	17835	23569	10280	2917
0	0	0	0	0	0	32431	289000	1050000	1960000	3130000	3300000	2860000	2790000	1510000	1410000	860000	811000	490000	208000	606000	31119	0	0
0	0	0	13257	85530	197000	463000	522000	573000	722000	1000000	1240000	1760000	1590000	1520000	829000	628000	374000	112000	98501	0	18865	36828	0
0	0	29442	46436	80044	139343	173805	451273	643349	1055446	1227996	1335444	1726270	1297981	1047390	648224	296613	160953	19437	0	0	6667	2750	0
0	0	0	0	0	0	0	0	0	0	0	0	0	0	0	0	0	0	0	0	0	0	0	0
0	0	62661	82697	153951	867725	745297	698358	831958	789737	983106	1211518	1510669	1969535	1709403	1639477	1126751	530046	320148	131055	187676	0	0	48639
0	385576	382880	674104	1197945	1193112	1525601	1368763	1298252	1458355	1658793	1644368	1755087	2078129	1594942	910094	535672	461063	370394	157500	34273	13495	20724	171587
0	7839	0	18972	46329	45955	244914	405772	1175814	2199209	2527929	2959312	2513917	2408948	1508166	955941	596726	464493	211602	152638	33984	22228	66949	49095
0	5640	41664	34798	82524	229042	304345	460641	335875	665032	1090328	1376397	1458016	1918112	1611503	1398580	947085	679311	271084	344169	348366	315307	103198	214254
0	749	8338	6092	6092	73204	174502	404205	698671	1066979	1977111	2262843	1719296	2126922	2016654	1640585	708871	574732	232400	174891	133031	125594	18818	20743
0	0	22748	0	0	4023	61003	81768	138460	522308	648532	1112651	1595909	1713557	2077651	1882116	1407069	839996	709966	283488	201307	182905	57163	20870
0	103553	524982	439598	339664	547019	726536	859253	884333	949506	1012413	1359213	922692	1059756	1100929	1046066	834121	552539	232598	49487	74434	66176	44205	38303
0	0	0	0	0	0	0	0	0	0	0	0	0	0	0	0	0	0	0	0	0	0	0	0
																							
# OK: weigth at age																							
64.2138	251.585	420.356	639.971	918.31	1221.06	1517.17	1809.68	2115.06	2395.76	2725.27	3098.65	3458.6	3778.87	4235.3	4606.03	4942.95	5248.71	5658.01	6094.92	6275.35	6600.64	7073.97	7356.93
64.2138	251.585	420.356	639.971	918.31	1221.06	1517.17	1809.68	2115.06	2395.76	2725.27	3098.65	3458.6	3778.87	4235.3	4606.03	4942.95	5248.71	5658.01	6094.92	6275.35	6600.64	7073.97	7356.93
64.2138	251.585	420.356	639.971	918.31	1221.06	1517.17	1809.68	2115.06	2395.76	2725.27	3098.65	3458.6	3778.87	4235.3	4606.03	4942.95	5248.71	5658.01	6094.92	6275.35	6600.64	7073.97	7356.93
64.2138	251.585	420.356	639.971	918.31	1221.06	1517.17	1809.68	2115.06	2395.76	2725.27	3098.65	3458.6	3778.87	4235.3	4606.03	4942.95	5248.71	5658.01	6094.92	6275.35	6600.64	7073.97	7356.93
64.2138	251.585	420.356	639.971	918.31	1221.06	1517.17	1809.68	2115.06	2395.76	2725.27	3098.65	3458.6	3778.87	4235.3	4606.03	4942.95	5248.71	5658.01	6094.92	6275.35	6600.64	7073.97	7356.93
64.2138	251.585	420.356	639.971	918.31	1221.06	1517.17	1809.68	2115.06	2395.76	2725.27	3098.65	3458.6	3778.87	4235.3	4606.03	4942.95	5248.71	5658.01	6094.92	6275.35	6600.64	7073.97	7356.93
64.2138	251.585	420.356	639.971	918.31	1221.06	1517.17	1809.68	2115.06	2395.76	2725.27	3098.65	3458.6	3778.87	4235.3	4606.03	4942.95	5248.71	5658.01	6094.92	6275.35	6600.64	7073.97	7356.93
64.2138	251.585	420.356	639.971	918.31	1221.06	1517.17	1809.68	2115.06	2395.76	2725.27	3098.65	3458.6	3778.87	4235.3	4606.03	4942.95	5248.71	5658.01	6094.92	6275.35	6600.64	7073.97	7356.93
64.2138	251.585	420.356	639.971	918.31	1221.06	1517.17	1809.68	2115.06	2395.76	2725.27	3098.65	3458.6	3778.87	4235.3	4606.03	4942.95	5248.71	5658.01	6094.92	6275.35	6600.64	7073.97	7356.93
64.2138	251.585	420.356	639.971	918.31	1221.06	1517.17	1809.68	2115.06	2395.76	2725.27	3098.65	3458.6	3778.87	4235.3	4606.03	4942.95	5248.71	5658.01	6094.92	6275.35	6600.64	7073.97	7356.93
64.2138	251.585	420.356	639.971	918.31	1221.06	1517.17	1809.68	2115.06	2395.76	2725.27	3098.65	3458.6	3778.87	4235.3	4606.03	4942.95	5248.71	5658.01	6094.92	6275.35	6600.64	7073.97	7356.93
64.2138	251.585	420.356	639.971	918.31	1221.06	1517.17	1809.68	2115.06	2395.76	2725.27	3098.65	3458.6	3778.87	4235.3	4606.03	4942.95	5248.71	5658.01	6094.92	6275.35	6600.64	7073.97	7356.93
64.2138	251.585	420.356	639.971	918.31	1221.06	1517.17	1809.68	2115.06	2395.76	2725.27	3098.65	3458.6	3778.87	4235.3	4606.03	4942.95	5248.71	5658.01	6094.92	6275.35	6600.64	7073.97	7356.93
64.2138	251.585	420.356	639.971	918.31	1221.06	1517.17	1809.68	2115.06	2395.76	2725.27	3098.65	3458.6	3778.87	4235.3	4606.03	4942.95	5248.71	5658.01	6094.92	6275.35	6600.64	7073.97	7356.93
64.2138	251.585	420.356	639.971	918.31	1221.06	1517.17	1809.68	2115.06	2395.76	2725.27	3098.65	3458.6	3778.87	4235.3	4606.03	4942.95	5248.71	5658.01	6094.92	6275.35	6600.64	7073.97	7356.93
64.2138	251.585	420.356	639.971	918.31	1221.06	1517.17	1809.68	2115.06	2395.76	2725.27	3098.65	3458.6	3778.87	4235.3	4606.03	4942.95	5248.71	5658.01	6094.92	6275.35	6600.64	7073.97	7356.93
64.2138	251.585	420.356	639.971	918.31	1221.06	1517.17	1809.68	2115.06	2395.76	2725.27	3098.65	3458.6	3778.87	4235.3	4606.03	4942.95	5248.71	5658.01	6094.92	6275.35	6600.64	7073.97	7356.93
64.2138	251.585	420.356	639.971	918.31	1221.06	1517.17	1809.68	2115.06	2395.76	2725.27	3098.65	3458.6	3778.87	4235.3	4606.03	4942.95	5248.71	5658.01	6094.92	6275.35	6600.64	7073.97	7356.93
64.2138	251.585	420.356	639.971	918.31	1221.06	1517.17	1809.68	2115.06	2395.76	2725.27	3098.65	3458.6	3778.87	4235.3	4606.03	4942.95	5248.71	5658.01	6094.92	6275.35	6600.64	7073.97	7356.93
64.2138	251.585	420.356	639.971	918.31	1221.06	1517.17	1809.68	2115.06	2395.76	2725.27	3098.65	3458.6	3778.87	4235.3	4606.03	4942.95	5248.71	5658.01	6094.92	6275.35	6600.64	7073.97	7356.93
64.2138	251.585	420.356	639.971	918.31	1221.06	1517.17	1809.68	2115.06	2395.76	2725.27	3098.65	3458.6	3778.87	4235.3	4606.03	4942.95	5248.71	5658.01	6094.92	6275.35	6600.64	7073.97	7356.93
64.2138	251.585	420.356	639.971	918.31	1221.06	1517.17	1809.68	2115.06	2395.76	2725.27	3098.65	3458.6	3778.87	4235.3	4606.03	4942.95	5248.71	5658.01	6094.92	6275.35	6600.64	7073.97	7356.93
64.2138	251.585	420.356	639.971	918.31	1221.06	1517.17	1809.68	2115.06	2395.76	2725.27	3098.65	3458.6	3778.87	4235.3	4606.03	4942.95	5248.71	5658.01	6094.92	6275.35	6600.64	7073.97	7356.93
64.2138	251.585	420.356	639.971	918.31	1221.06	1517.17	1809.68	2115.06	2395.76	2725.27	3098.65	3458.6	3778.87	4235.3	4606.03	4942.95	5248.71	5658.01	6094.92	6275.35	6600.64	7073.97	7356.93
64.2138	251.585	420.356	639.971	918.31	1221.06	1517.17	1809.68	2115.06	2395.76	2725.27	3098.65	3458.6	3778.87	4235.3	4606.03	4942.95	5248.71	5658.01	6094.92	6275.35	6600.64	7073.97	7356.93
64.2138	251.585	420.356	639.971	918.31	1221.06	1517.17	1809.68	2115.06	2395.76	2725.27	3098.65	3458.6	3778.87	4235.3	4606.03	4942.95	5248.71	5658.01	6094.92	6275.35	6600.64	7073.97	7356.93
64.2138	251.585	420.356	639.971	918.31	1221.06	1517.17	1809.68	2115.06	2395.76	2725.27	3098.65	3458.6	3778.87	4235.3	4606.03	4942.95	5248.71	5658.01	6094.92	6275.35	6600.64	7073.97	7356.93
64.2138	251.585	420.356	639.971	918.31	1221.06	1517.17	1809.68	2115.06	2395.76	2725.27	3098.65	3458.6	3778.87	4235.3	4606.03	4942.95	5248.71	5658.01	6094.92	6275.35	6600.64	7073.97	7356.93
64.2138	251.585	420.356	639.971	918.31	1221.06	1517.17	1809.68	2115.06	2395.76	2725.27	3098.65	3458.6	3778.87	4235.3	4606.03	4942.95	5248.71	5658.01	6094.92	6275.35	6600.64	7073.97	7356.93
64.2138	251.585	420.356	639.971	918.31	1221.06	1517.17	1809.68	2115.06	2395.76	2725.27	3098.65	3458.6	3778.87	4235.3	4606.03	4942.95	5248.71	5658.01	6094.92	6275.35	6600.64	7073.97	7356.93
64.2138	251.585	420.356	639.971	918.31	1221.06	1517.17	1809.68	2115.06	2395.76	2725.27	3098.65	3458.6	3778.87	4235.3	4606.03	4942.95	5248.71	5658.01	6094.92	6275.35	6600.64	7073.97	7356.93
64.2138	251.585	420.356	639.971	918.31	1221.06	1517.17	1809.68	2115.06	2395.76	2725.27	3098.65	3458.6	3778.87	4235.3	4606.03	4942.95	5248.71	5658.01	6094.92	6275.35	6600.64	7073.97	7356.93
64.2138	251.585	420.356	639.971	918.31	1221.06	1517.17	1809.68	2115.06	2395.76	2725.27	3098.65	3458.6	3778.87	4235.3	4606.03	4942.95	5248.71	5658.01	6094.92	6275.35	6600.64	7073.97	7356.93
64.2138	251.585	420.356	639.971	918.31	1221.06	1517.17	1809.68	2115.06	2395.76	2725.27	3098.65	3458.6	3778.87	4235.3	4606.03	4942.95	5248.71	5658.01	6094.92	6275.35	6600.64	7073.97	7356.93
64.2138	251.585	420.356	639.971	918.31	1221.06	1517.17	1809.68	2115.06	2395.76	2725.27	3098.65	3458.6	3778.87	4235.3	4606.03	4942.95	5248.71	5658.01	6094.92	6275.35	6600.64	7073.97	7356.93
64.2138	251.585	420.356	639.971	918.31	1221.06	1517.17	1809.68	2115.06	2395.76	2725.27	3098.65	3458.6	3778.87	4235.3	4606.03	4942.95	5248.71	5658.01	6094.92	6275.35	6600.64	7073.97	7356.93
64.2138	251.585	420.356	639.971	918.31	1221.06	1517.17	1809.68	2115.06	2395.76	2725.27	3098.65	3458.6	3778.87	4235.3	4606.03	4942.95	5248.71	5658.01	6094.92	6275.35	6600.64	7073.97	7356.93
64.2138	251.585	420.356	639.971	918.31	1221.06	1517.17	1809.68	2115.06	2395.76	2725.27	3098.65	3458.6	3778.87	4235.3	4606.03	4942.95	5248.71	5658.01	6094.92	6275.35	6600.64	7073.97	7356.93																							

# OK: Natural Mortality																							
0.21																							
																							
# OK: msex																							
0	0	0	0.0001	0.0007	0.0056	0.0366	0.1453	0.3012	0.486	0.7216	0.883	0.951	0.9758	0.9854	0.9897	0.9922	0.9938	0.9952	0.9963	0.9974	0.9983	0.9992	1
0	0	0	0.0001	0.0007	0.0056	0.0366	0.1453	0.3012	0.486	0.7216	0.883	0.951	0.9758	0.9854	0.9897	0.9922	0.9938	0.9952	0.9963	0.9974	0.9983	0.9992	1
0	0	0	0.0001	0.0007	0.0056	0.0366	0.1453	0.3012	0.486	0.7216	0.883	0.951	0.9758	0.9854	0.9897	0.9922	0.9938	0.9952	0.9963	0.9974	0.9983	0.9992	1
0	0	0	0.0001	0.0007	0.0056	0.0366	0.1453	0.3012	0.486	0.7216	0.883	0.951	0.9758	0.9854	0.9897	0.9922	0.9938	0.9952	0.9963	0.9974	0.9983	0.9992	1
0	0	0	0.0001	0.0007	0.0056	0.0366	0.1453	0.3012	0.486	0.7216	0.883	0.951	0.9758	0.9854	0.9897	0.9922	0.9938	0.9952	0.9963	0.9974	0.9983	0.9992	1
0	0	0	0.0001	0.0007	0.0056	0.0366	0.1453	0.3012	0.486	0.7216	0.883	0.951	0.9758	0.9854	0.9897	0.9922	0.9938	0.9952	0.9963	0.9974	0.9983	0.9992	1
0	0	0.0002	0.0009	0.0041	0.0178	0.0738	0.2383	0.4683	0.6593	0.7978	0.8845	0.933	0.9592	0.9737	0.9821	0.9873	0.9907	0.9932	0.9951	0.9966	0.9979	0.999	1
0	0	0.0001	0.0004	0.0021	0.0116	0.0579	0.2075	0.4301	0.635	0.7942	0.891	0.941	0.9657	0.9784	0.9853	0.9894	0.9922	0.9942	0.9957	0.997	0.9981	0.9991	1
0	0	0	0.0003	0.0017	0.0102	0.0538	0.1981	0.4161	0.624	0.7907	0.8917	0.9428	0.9673	0.9795	0.986	0.9899	0.9925	0.9943	0.9958	0.9971	0.9982	0.9991	1
0	0	0.0002	0.0011	0.005	0.0219	0.0886	0.2778	0.5384	0.7376	0.8588	0.9234	0.9559	0.9725	0.9815	0.9867	0.9901	0.9925	0.9943	0.9958	0.997	0.9981	0.9991	1
0	0	0	0.0003	0.0019	0.0111	0.0573	0.2089	0.4393	0.6536	0.8134	0.9047	0.9494	0.9706	0.9812	0.9869	0.9904	0.9928	0.9945	0.9959	0.9971	0.9982	0.9991	1
0	0	0	0.0002	0.0015	0.0099	0.0547	0.207	0.4482	0.6783	0.84	0.9232	0.9603	0.9767	0.9846	0.9889	0.9915	0.9934	0.9949	0.9962	0.9973	0.9983	0.9992	1
0	0	0	0.0003	0.0016	0.0097	0.0511	0.1871	0.3857	0.5742	0.7421	0.8583	0.9232	0.9564	0.9734	0.9826	0.9879	0.9913	0.9936	0.9954	0.9968	0.998	0.9991	1
0	0.0001	0.0004	0.0017	0.0069	0.0265	0.0962	0.2834	0.5315	0.7182	0.8374	0.9065	0.9443	0.965	0.9766	0.9836	0.9881	0.9912	0.9935	0.9952	0.9967	0.998	0.999	1
0	0	0	0.0001	0.0008	0.0066	0.042	0.17	0.3809	0.624	0.8253	0.9259	0.9652	0.9803	0.9869	0.9902	0.9923	0.9939	0.9952	0.9963	0.9974	0.9983	0.9992	1
0	0	0	0.0001	0.0007	0.0057	0.037	0.1464	0.3005	0.4722	0.6928	0.8601	0.9389	0.9702	0.9828	0.9885	0.9915	0.9935	0.995	0.9962	0.9973	0.9983	0.9992	1
0	0	0	0.0001	0.0006	0.0055	0.0357	0.141	0.2835	0.4421	0.6746	0.86	0.9431	0.9733	0.9845	0.9894	0.992	0.9938	0.9952	0.9963	0.9974	0.9983	0.9992	1
0	0	0	0.0001	0.0007	0.0057	0.0362	0.1415	0.2768	0.3977	0.5738	0.7643	0.8871	0.9458	0.9714	0.983	0.9888	0.9921	0.9943	0.9958	0.9971	0.9982	0.9991	1
0	0	0	0.0001	0.0011	0.0079	0.0464	0.1802	0.3896	0.6085	0.7941	0.9017	0.9513	0.973	0.983	0.9882	0.9912	0.9933	0.9948	0.9961	0.9972	0.9982	0.9992	1
0	0	0	0.0001	0.0007	0.0058	0.0375	0.1497	0.3167	0.5176	0.7482	0.894	0.9543	0.9767	0.9856	0.9898	0.9921	0.9938	0.9952	0.9963	0.9974	0.9983	0.9992	1
0	0	0	0.0001	0.0008	0.0064	0.0405	0.1625	0.3566	0.5839	0.7954	0.9121	0.9597	0.9781	0.9859	0.9898	0.9921	0.9938	0.9951	0.9963	0.9973	0.9983	0.9992	1
0	0	0	0.0001	0.0006	0.0053	0.0344	0.1338	0.2552	0.3921	0.6921	0.91	0.9711	0.9853	0.9895	0.9916	0.993	0.9942	0.9954	0.9964	0.9974	0.9983	0.9992	1
0	0	0	0.0001	0.0007	0.0059	0.0377	0.1491	0.3086	0.4858	0.7023	0.8622	0.9384	0.9694	0.9822	0.9881	0.9913	0.9934	0.9949	0.9962	0.9973	0.9983	0.9992	1
0	0	0	0.0001	0.0006	0.0054	0.0351	0.1371	0.2654	0.3858	0.5934	0.8102	0.9239	0.9666	0.9822	0.9886	0.9917	0.9936	0.9951	0.9963	0.9973	0.9983	0.9992	1
0	0	0	0	0	0.0004	0.0025	0.0145	0.0682	0.2396	0.5368	0.7862	0.9105	0.9599	0.979	0.987	0.9909	0.9932	0.9949	0.9962	0.9973	0.9983	0.9992	1
0	0	0	0.0001	0.0011	0.0078	0.045	0.1702	0.3498	0.5366	0.7421	0.8818	0.9452	0.9711	0.9823	0.9878	0.991	0.9931	0.9947	0.9961	0.9972	0.9982	0.9992	1
0	0	0	0.0001	0.0011	0.0078	0.045	0.1702	0.3498	0.5366	0.7421	0.8818	0.9452	0.9711	0.9823	0.9878	0.991	0.9931	0.9947	0.9961	0.9972	0.9982	0.9992	1
0	0	0	0.0001	0.0011	0.0078	0.045	0.1702	0.3498	0.5366	0.7421	0.8818	0.9452	0.9711	0.9823	0.9878	0.991	0.9931	0.9947	0.9961	0.9972	0.9982	0.9992	1
0	0	0	0.0001	0.0011	0.0078	0.045	0.1702	0.3498	0.5366	0.7421	0.8818	0.9452	0.9711	0.9823	0.9878	0.991	0.9931	0.9947	0.9961	0.9972	0.9982	0.9992	1
0	0	0	0.0001	0.0011	0.0078	0.045	0.1702	0.3498	0.5366	0.7421	0.8818	0.9452	0.9711	0.9823	0.9878	0.991	0.9931	0.9947	0.9961	0.9972	0.9982	0.9992	1
0	0	0	0.0001	0.0011	0.0078	0.045	0.1702	0.3498	0.5366	0.7421	0.8818	0.9452	0.9711	0.9823	0.9878	0.991	0.9931	0.9947	0.9961	0.9972	0.9982	0.9992	1
0	0	0	0.0001	0.0011	0.0078	0.045	0.1702	0.3498	0.5366	0.7421	0.8818	0.9452	0.9711	0.9823	0.9878	0.991	0.9931	0.9947	0.9961	0.9972	0.9982	0.9992	1
0	0	0	0.0001	0.0011	0.0078	0.045	0.1702	0.3498	0.5366	0.7421	0.8818	0.9452	0.9711	0.9823	0.9878	0.991	0.9931	0.9947	0.9961	0.9972	0.9982	0.9992	1
0	0	0	0.0001	0.0011	0.0078	0.045	0.1702	0.3498	0.5366	0.7421	0.8818	0.9452	0.9711	0.9823	0.9878	0.991	0.9931	0.9947	0.9961	0.9972	0.9982	0.9992	1
0	0	0	0.0001	0.0011	0.0078	0.045	0.1702	0.3498	0.5366	0.7421	0.8818	0.9452	0.9711	0.9823	0.9878	0.991	0.9931	0.9947	0.9961	0.9972	0.9982	0.9992	1
0	0	0	0.0001	0.0011	0.0078	0.045	0.1702	0.3498	0.5366	0.7421	0.8818	0.9452	0.9711	0.9823	0.9878	0.991	0.9931	0.9947	0.9961	0.9972	0.9982	0.9992	1
0	0	0	0.0001	0.0011	0.0078	0.045	0.1702	0.3498	0.5366	0.7421	0.8818	0.9452	0.9711	0.9823	0.9878	0.991	0.9931	0.9947	0.9961	0.9972	0.9982	0.9992	1
0	0	0	0.0001	0.0011	0.0078	0.045	0.1702	0.3498	0.5366	0.7421	0.8818	0.9452	0.9711	0.9823	0.9878	0.991	0.9931	0.9947	0.9961	0.9972	0.9982	0.9992	1																							

# offset																							
-999																							
