# Southern Hake Data																							
# Julio 2014																							
# OK: number years																							
38																							
																							
# OK: number ages																							
24																							
																							
# OK: years vector																							
1977																							
1978																							
1979																							
1980																							
1981																							
1982																							
1983																							
1984																							
1985																							
1986																							
1987																							
1988																							
1989																							
1990																							
1991																							
1992																							
1993																							
1994																							
1995																							
1996																							
1997																							
1998																							
1999																							
2000																							
2001																							
2002																							
2003																							
2004																							
2005																							
2006																							
2007																							
2008																							
2009																							
2010																							
2011																							
2012																							
2013																							
2014																							
																							
# OK: vector ages																							
1	2	3	4	5	6	7	8	9	10	11	12	13	14	15	16	17	18	19	20	21	22	23	24
																							
# OK: Survey biomass																							
0																							
0																							
0																							
0																							
0																							
0																							
0																							
0																							
0																							
0																							
0																							
0																							
0																							
0																							
0																							
0																							
0																							
0																							
0																							
0																							
0																							
0																							
0																							
133845																							
100362																							
50356																							
84268																							
53200																							
43763																							
0																							
53350																							
59102																							
65337																							
51451																							
60394																							
51270																							
42789																							
0																							
																							
# OK: abundaces index																							
0	0	0
0	0	0
1.814820877	0	0
1.462334648	0	0
1.069695008	0	0
1.442439936	0	0
1.101381442	0	0
0.918718472	0	0
1.006361227	0	0
0.90986552	0	0
1	1	0
0.858531104	0.997	0
0.695775061	0.724	0
0.559656044	0.536	0
0.616027653	0.396	0
0.594466905	0.506	0
0.384355877	0.411	0
0.428342148	0.485	0
0.438848921	0.541	0.0 
0.494177425	0.503	0.0 
0.539006486	0.571	0.0 
0.477360726	0.603	0.0 
0.222853812	0.73	0.0 
0.351657384	0.726	0.0 
0.398264029	0.609	0.7
0.569944584	0.666	0.680851385
0.584112067	0.522	0.569944584
0.53728363	0.391	0.496259446
0.358886546	0.343	0.364460681
0.377247151	0.319	0.316102108
0.406303987	0.276	0.290437708
0.459733872	0.335	0.38962226
0.466691025	0.288	0.36505392
0.451640559	0.348	0.223647355
0.431685562	0.345	0.219997481
0.451437598	0.384	0.195188917
0.555090802	0.36	0.18334005
0	0	0
# OK: Capturas Corregidas																							
2287	0	0																					
36942	0	0																					
44792	0	0																					
36320	0	0																					
38876	0	606																					
44873	0	535																					
31020	0	673																					
30203	0	2256																					
24893	0	7485																					
32967	0	10207																					
32377	2740	25171																					
28918	6080	36533																					
26659	8887	23162																					
18579	6861	27283																					
14103	8486	17024																					
17064	4600	16735																					
10783	2894	9475																					
13730	3066	8987																					
12687	4751	9447																					
11746	3795	9949																					
11683	3004	11360																					
10682	4959	11516																					
12522	4958	12606																					
12089	5809	14037																					
11300	6553	16740																					
12251	6583	14588																					
14051	6919	15856																					
15486	6375	16404																					
14709	5414	15764																					
16407	5363	15502																					
16377	4421	17386																					
16202	4565	17337																					
16118	4898	15259																					
16360	4503	12248																					
16314	2453	8250																					
17852	3752	6436																					
18344	2391	6464																					
11476	1496	4044																					
																							
# OK: catch at age trawl																							
0	0	0	0	0	0	0	0	0	0	0	0	0	0	0	0	0	0	0	0	0	0	0	0
0	0	0	0	0	0	0	0	0	0	0	0	0	0	0	0	0	0	0	0	0	0	0	0
0	0	0	0	0	0	0	0	0	0	0	0	0	0	0	0	0	0	0	0	0	0	0	0
0	0	0	0	0	0	0	0	0	0	0	0	0	0	0	0	0	0	0	0	0	0	0	0
207	287	1996	19348	48835	77458	121000	140000	153000	333000	457000	428000	441000	448000	457000	440000	434000	604000	544000	544000	437000	356000	325000	704000
245	0	3137	9670	21582	75736	142000	173000	266000	435000	535000	652000	1020000	841000	761000	731000	574000	454000	496000	308000	318000	213000	108000	195000
3881	4335	143000	188000	231000	106000	72107	85286	202000	312000	473000	591000	639000	687000	437000	422000	487000	485000	510000	388000	282000	254000	88894	248000
351	5628	33249	35488	43549	88746	105000	185000	235000	352000	465000	516000	679000	674000	610000	511000	384000	289000	205000	136000	79778	66977	34154	41250
352	123	11418	18675	25284	47739	106000	169000	256000	346000	469000	555000	578000	636000	531000	449000	350000	229000	169000	127000	100000	41043	31729	45159
0	14161	101000	425000	527000	314000	215000	294000	503000	650000	791000	910000	1190000	907000	1150000	888000	656000	600000	367000	259000	133000	101000	62521	67118
219	25711	284000	501000	734000	747000	539000	626000	526000	664000	670000	853000	884000	867000	745000	661000	459000	348000	249000	118000	88409	52102	33317	14620
0	2337	12316	57298	138000	281000	457000	603000	917000	976000	907000	1100000	1100000	842000	571000	321000	241000	146000	118000	69503	59443	41174	37564	26965
0	1498	12960	89987	101000	141000	237000	411000	673000	995000	1110000	828000	815000	748000	817000	433000	347000	289000	167000	103000	69566	36192	48087	25128
0	160	7967	35873	59340	84560	109000	312000	443000	722000	822000	809000	810000	667000	473000	374000	266000	176000	170000	81881	77308	49795	32155	24933
0	0	6101	59030	97915	145000	121000	153000	258000	329000	572000	669000	603000	687000	619000	561000	508000	326000	183000	81877	62101	50056	22794	20835
0	0	202	403	396	15751	22542	30080	54688	190000	494000	723000	1230000	1120000	1020000	796000	627000	564000	338000	137000	50018	21591	9164	3249
0	6188	4942	11369	77501	122000	149000	117000	209000	294000	405000	512000	523000	447000	526000	446000	264000	213000	136000	88790	56208	30660	15588	24757
0	0	36982	147000	85020	106000	243000	382000	594000	656000	761000	822000	697000	545000	383000	270000	245000	118000	103000	36049	29778	17644	7709	14490
0	0	8767	42052	89564	168000	216000	368000	589000	653000	772000	595000	493000	348000	204000	148000	101000	53001	23817	4586	5520	44	87	0
0	82	11595	66514	147000	209000	224000	268000	395000	470000	507000	667000	505000	405000	368000	212000	138000	81816	56975	34732	31019	13784	15382	9695
0	0	813	4033	56780	216000	261000	362000	307000	477000	582000	605000	531000	438000	290000	169000	122000	63448	38213	30824	12407	2252	3019	4979
0	0	9449	21737	60518	213000	290000	408000	526000	613000	674000	465000	467000	361000	248000	126000	85480	46991	27537	19021	3128	13048	999	2035
0	0	0	10502	35743	117000	169000	271000	423000	528000	752000	633000	699000	549000	400000	191000	95463	64778	49113	27167	11444	3207	4286	7395
0	924	1348	22740	33695	83140	90492	185000	270000	346000	500000	415000	561000	555000	535000	348000	276000	192000	106000	100000	37663	11079	16294	23429
0	0	1049	16015	32524	93109	106000	158000	285000	327000	430000	325000	345000	245000	216000	111000	59616	30204	26028	9845	2266	1467	55	20
0	200	7195	32450	49510	53928	89198	141000	278000	275000	447000	342000	367000	269000	219000	122000	74417	46571	28494	5910	5114	2255	1594	955
0	0	2203	35844	88396	207000	218000	221000	258000	305000	461000	430000	370000	303000	197000	95636	44492	16834	3808	3052	1529	2191	6010	256
0	2960	4417	9858	38089	80830	122000	165000	213000	199000	347000	311000	391000	331000	284000	205000	104000	68704	19354	9348	2803	6254	6275	522
9	2417	16555	23824	30317	47097	87442	165162	206056	299278	387863	432890	410547	274183	232035	122296	80822	26187	13318	8231	5000	1165	0	2801
0	2602	9037	30667	56981	60641	54228	71116	96955	155605	167540	209043	351715	361730	334517	234441	205799	125925	75250	44884	17746	10323	331	2037
0	0	11555	25467	83515	99057	78639	98435	107741	151487	234721	294365	365872	356128	326097	201478	141220	77306	52641	37533	20944	11136	5608	4216
0	4036	6316	27824	43966	72473	131001	192420	172878	208953	220586	266754	307319	300766	243307	205070	145231	102857	61222	36304	20624	10522	4740	1368
0	444	5484	20537	21430	55814	64484	101309	162909	202264	262745	301183	263663	298977	226878	245540	178893	108563	51440	33595	10368	6303	16014	827
0	36	804	6900	17082	40205	40377	76178	133708	188576	242824	351354	332509	325403	281037	239378	148558	119986	76985	41681	26083	21671	14740	5470
0	1410	12652	19930	22181	45137	74150	125654	219611	342041	477820	461966	319150	273880	196235	140334	89552	51482	30596	14239	16055	3941	2233	944
0	539	6471	25529	31216	34396	42369	88540	125639	202755	279722	349406	357550	388226	349185	261380	177886	116972	93208	41791	24741	11183	9420	8169
315	1006	4271	9096	16946	36343	32156	80386	116469	204476	261348	406832	379687	343057	285507	269686	202208	127906	74418	32698	22433	19698	3116	11304
0	0	0	0	0	0	0	0	0	0	0	0	0	0	0	0	0	0	0	0	0	0	0	0
																							
# OK: catch at age longline																							
0	0	0	0	0	0	0	0	0	0	0	0	0	0	0	0	0	0	0	0	0	0	0	0
0	0	0	0	0	0	0	0	0	0	0	0	0	0	0	0	0	0	0	0	0	0	0	0
0	0	0	0	0	0	0	0	0	0	0	0	0	0	0	0	0	0	0	0	0	0	0	0
0	0	0	0	0	0	0	0	0	0	0	0	0	0	0	0	0	0	0	0	0	0	0	0
0	0	0	0	0	0	0	0	0	0	0	0	0	0	0	0	0	0	0	0	0	0	0	0
0	0	0	0	0	0	0	0	0	0	0	0	0	0	0	0	0	0	0	0	0	0	0	0
0	0	0	0	0	0	0	0	0	0	0	0	0	0	0	0	0	0	0	0	0	0	0	0
0	0	0	0	0	0	0	0	0	0	0	0	0	0	0	0	0	0	0	0	0	0	0	0
0	0	0	0	0	0	0	0	0	0	0	0	0	0	0	0	0	0	0	0	0	0	0	0
0	0	0	0	0	0	0	0	0	0	0	0	0	0	0	0	0	0	0	0	0	0	0	0
0	0	0	0	0	0	0	0	0	0	0	0	0	0	0	0	0	0	0	0	0	0	0	0
0	0	0	0	0	0	0	0	0	0	0	0	0	0	0	0	0	0	0	0	0	0	0	0
0	0	0	4356	10595	21819	43217	69914	121000	188000	218000	225000	209000	230000	259000	179000	154000	109000	70742	55889	41625	19141	29743	16736
0	0	41	947	3136	5173	10056	20236	47238	86373	112000	127000	188000	209000	170000	166000	140000	106000	91024	53497	52936	33998	21025	21814
0	0	179	5262	19495	29480	36854	51786	73411	121000	194000	247000	257000	310000	273000	211000	206000	139000	111000	70769	35620	38023	21469	22500
0	0	0	0	0	244	60	492	4182	28495	54291	88838	126000	141000	156000	133000	131000	116000	74819	38323	15798	15308	6526	5286
0	0	0	0	0	0	0	0	0	0	0	0	0	0	0	0	0	0	0	0	0	0	0	0
0	0	0	0	0	0	0	0	0	0	0	0	0	0	0	0	0	0	0	0	0	0	0	0
0	0	0	204	2593	7346	27634	37897	92824	97154	119000	152000	143000	125000	134000	93900	46533	34693	16376	6255	11572	409	0	0
0	0	15	754	4839	14130	34808	54152	83708	100000	116000	161000	127000	102000	79604	41863	38267	19794	8260	4772	2177	1379	843	659
0	0	0	1104	1846	8243	12765	15924	14695	29476	59517	78653	95420	91470	70862	57584	41359	29242	19499	6491	6510	83	1407	1913
0	0	274	2140	7915	11143	32075	76618	101000	129000	150000	128000	156000	167000	127000	77076	48247	28114	16297	5709	6457	3507	919	1623
0	0	0	192	959	2988	8571	41867	74228	112000	164000	158000	211000	193000	148000	72832	44963	23937	23678	13925	6741	2432	2297	3125
0	0	0	670	4252	19801	26901	63219	97121	107000	168000	139000	189000	186000	152000	107000	82214	69980	44035	32931	17014	8874	8053	9813
0	0	0	230	2671	17102	31308	79150	152000	190000	280000	209000	253000	197000	154000	80689	53178	16937	22530	6536	2237	161	93	22
0	0	8	514	2505	16670	45005	107000	166000	189000	290000	214000	243000	179000	137000	76316	44759	26877	16907	3967	2115	753	1000	633
0	0	105	1303	16957	85541	154000	253000	275000	341000	363000	263000	173000	119000	51541	29779	10657	5047	2059	762	821	451	1328	21
0	0	9	406	7969	49659	93163	154000	187000	173000	274000	207000	217000	159000	123000	68967	32549	21398	5649	3112	199	2762	1099	160
0	0	0	918	8242	14995	30551	71194	113971	153916	176936	245131	195059	140327	98683	57456	38645	20430	12320	7977	2191	370	0	4283
0	4	18	1461	8208	19786	24788	38052	50465	92947	93117	102843	197471	216231	201038	109139	84251	34764	26927	9578	3291	1368	397	401
0	0	40	126	1198	7187	14718	35733	55158	79241	122462	139370	167734	200487	164112	92063	52447	29096	15827	6319	3741	2277	1707	494
0	0	0	0	182	4767	40153	57982	81707	108971	150324	149417	172476	138416	99720	61473	43422	20863	11133	6801	3929	2402	413	277
0	0	0	1	220	5859	12286	29864	53434	77476	112096	143578	129094	163739	106838	74669	53332	23129	12771	4449	1603	683	594	63
0	0	0	0	484	4247	9483	26045	62678	122667	149582	208927	176187	145694	111652	66429	31157	15551	5308	2681	2256	1874	98	281
0	0	0	4	182	2014	7864	18108	41832	74854	104458	118292	97912	73617	45561	34694	18328	6442	4769	2021	1257	510	663	89
0	0	0	81	391	1708	8710	12082	22895	65318	102374	148199	146242	121125	116167	114768	65317	44245	24470	12832	6981	2437	2102	2025
0	0	0	2	121	409	543	5894	13274	30367	64248	99740	80115	96916	72133	69305	50774	24971	12910	3418	2182	1271	1309	1646
0	0	0	0	0	0	0	0	0	0	0	0	0	0	0	0	0	0	0	0	0	0	0	0
																							
# OK: catch at age artisanal																							
0	0	0	0	0	0	0	0	0	0	0	0	0	0	0	0	0	0	0	0	0	0	0	0
0	0	0	0	0	0	0	0	0	0	0	0	0	0	0	0	0	0	0	0	0	0	0	0
0	0	0	0	0	0	0	0	0	0	0	0	0	0	0	0	0	0	0	0	0	0	0	0
0	0	0	0	0	0	0	0	0	0	0	0	0	0	0	0	0	0	0	0	0	0	0	0
0	0	0	0	0	0	0	0	0	0	0	0	0	0	0	0	0	0	0	0	0	0	0	0
0	0	0	0	0	0	0	0	0	0	0	0	0	0	0	0	0	0	0	0	0	0	0	0
0	0	0	0	0	0	0	0	0	0	0	0	0	0	0	0	0	0	0	0	0	0	0	0
0	0	0	0	0	0	0	0	0	0	0	0	0	0	0	0	0	0	0	0	0	0	0	0
0	0	0	0	0	0	0	0	0	0	0	0	0	0	0	0	0	0	0	0	0	0	0	0
0	0	0	0	0	0	0	0	0	0	0	0	0	0	0	0	0	0	0	0	0	0	0	0
0	0	0	345871	1243048	1796094	1711883	1492880	1253059	964550	905680	653735	730245	539872	341901	169885	13116	0	0	0	0	0	0	0
2	0	0	975105	2161866	2266493	2089708	1774098	1594231	1315268	1238210	997043	964091	688235	459847	255163	237069	120790	93732	42673	0	7226	0	11732
2	0	0	627371	1850032	1851939	1353728	965663	852606	710708	563443	640168	613347	497200	361640	244397	120556	31653	29455	2435	30173	17969	0	8793
2	0	87338	653576	1407229	1315461	843226	814565	854930	887530	817611	580698	679858	646455	441527	323637	269626	189809	156066	83899	70281	52138	36373	39850
3	1	142426	974006	1406405	979982	548957	440043	316339	426844	484012	482058	490286	455251	292151	152031	126616	65761	75289	69366	26606	23160	17722	13642
526	526	270	41934	105606	326601	458852	343583	283610	516509	642492	636775	535922	530495	500504	247283	234632	118415	40209	15069	7473	2110	3427	4089
14	0	0	67083	255201	250911	247324	146587	169259	168501	342254	363628	325650	332501	292190	173439	110869	41922	25401	10070	4364	0	0	1355
2	2	43281	209015	461859	427843	370853	317248	209593	198833	214232	237787	264043	278006	209579	150400	60917	74907	22136	17194	1466	4797	295	0
3	3	0	192208	194622	100195	227062	142093	488468	350606	441564	552663	457232	313729	131115	18048	0	0	0	12563	0	6786	7258	7370
2	0	0	267332	276968	99959	35704	73692	107852	218571	470190	593025	583922	486521	234428	105887	934	0	0	0	0	0	0	0
2	2	1080	27995	48999	146679	242147	436389	490922	636230	671604	595999	349807	195155	65175	0	0	0	0	4971	0	4281	544	0
2	2	10412	18431	30203	78440	107346	278113	307586	362160	368085	431744	326212	262874	217152	142352	101059	86940	63321	30573	9817	5189	5764	8415
0	1025	8186	44753	90929	171000	277000	282000	404000	414000	440000	495000	411000	313000	259000	150000	98700	56378	5699	12293	3632	3731	5764	0
0	0	9025	31867	154000	235000	404000	523000	537000	689000	581000	399000	365000	275000	237000	154000	94174	58145	41061	18042	4134	1203	903	903
0	1009	13597	64347	112000	293000	469000	728000	758000	767000	764000	627000	442000	313000	213000	160000	106000	49058	17295	8856	5311	6396	319	142
0	0	0	4925	51626	144000	268000	506000	631000	722000	821000	699000	627000	357000	286000	113000	92131	63328	12623	9514	3077	1350	2130	1381
0	670	587	26160	161000	343000	519000	702000	736000	820000	919000	629000	552000	345000	152000	83051	70886	12819	10120	4117	2598	3752	768	477
0	8103	31148	29817	161000	587000	745000	789000	830000	829000	828000	563000	480000	256000	115000	27453	50335	9634	5312	2937	641	612	0	0
0	1520	14050	99805	316955	448963	622331	727920	572050	654802	810666	558426	595544	342042	217021	89192	42016	21942	16777	7650	2375	2384	1264	1388
0	17	37928	50251	300201	591165	1247077	1158793	911663	843214	676078	516776	361965	163409	95132	76353	38589	19575	7043	1632	1961	1899	1123	1037
0	1542	57179	116694	317446	668128	832147	718105	705505	652921	426768	788046	607245	423328	289760	85381	70234	126764	31281	18749	14984	6983	3796	17813
0	0	26846	134452	365408	751802	923706	908222	848018	607890	668437	643470	433943	161915	78100	78305	83219	25538	19191	5246	772	5709	3177	10169
0	0	11415	55186	204767	456184	658471	842859	904151	741586	665893	515451	483354	78806	123352	30661	50528	15641	2601	1915	1403	1671	1771	6508
0	1288	7193	38860	103284	232740	370506	378995	468188	504118	538133	489930	390182	367472	205181	127362	46491	37450	27340	3396	37066	3260	2651	12207
0	1206	7567	51652	118139	200651	336570	416439	537210	545217	512026	347529	208790	142557	76143	82346	33181	18263	3659	10597	1035	5519	16327	3085
0	0	4944	27650	99508	156899	245044	304514	307560	399950	374975	215794	123162	122709	53790	47387	26096	16997	10034	943	163	51	202	500
0	220	5467	47058	74594	140263	147243	285923	330519	360694	427866	293168	151004	118758	67086	26497	17611	10978	4979	982	1024	447	2945	464
0	0	0	0	0	0	0	0	0	0	0	0	0	0	0	0	0	0	0	0	0	0	0	0
																							
# abundance at survey (missing  year 2009 and 2014)																							
0	0	0	0	0	0	0	0	0	0	0	0	0	0	0	0	0	0	0	0	0	0	0	0
0	0	0	0	0	0	0	0	0	0	0	0	0	0	0	0	0	0	0	0	0	0	0	0
0	0	0	0	0	0	0	0	0	0	0	0	0	0	0	0	0	0	0	0	0	0	0	0
0	0	0	0	0	0	0	0	0	0	0	0	0	0	0	0	0	0	0	0	0	0	0	0
0	0	0	0	0	0	0	0	0	0	0	0	0	0	0	0	0	0	0	0	0	0	0	0
0	0	0	0	0	0	0	0	0	0	0	0	0	0	0	0	0	0	0	0	0	0	0	0
0	0	0	0	0	0	0	0	0	0	0	0	0	0	0	0	0	0	0	0	0	0	0	0
0	0	0	0	0	0	0	0	0	0	0	0	0	0	0	0	0	0	0	0	0	0	0	0
0	0	0	0	0	0	0	0	0	0	0	0	0	0	0	0	0	0	0	0	0	0	0	0
0	0	0	0	0	0	0	0	0	0	0	0	0	0	0	0	0	0	0	0	0	0	0	0
0	0	0	0	0	0	0	0	0	0	0	0	0	0	0	0	0	0	0	0	0	0	0	0
0	0	0	0	0	0	0	0	0	0	0	0	0	0	0	0	0	0	0	0	0	0	0	0
0	0	0	0	0	0	0	0	0	0	0	0	0	0	0	0	0	0	0	0	0	0	0	0
0	0	0	0	0	0	0	0	0	0	0	0	0	0	0	0	0	0	0	0	0	0	0	0
0	0	0	0	0	0	0	0	0	0	0	0	0	0	0	0	0	0	0	0	0	0	0	0
0	0	0	0	0	0	0	0	0	0	0	0	0	0	0	0	0	0	0	0	0	0	0	0
0	0	0	0	0	0	0	0	0	0	0	0	0	0	0	0	0	0	0	0	0	0	0	0
0	0	0	0	0	0	0	0	0	0	0	0	0	0	0	0	0	0	0	0	0	0	0	0
0	0	0	0	0	0	0	0	0	0	0	0	0	0	0	0	0	0	0	0	0	0	0	0
0	0	0	0	0	0	0	0	0	0	0	0	0	0	0	0	0	0	0	0	0	0	0	0
0	0	0	0	0	0	0	0	0	0	0	0	0	0	0	0	0	0	0	0	0	0	0	0
0	0	0	0	0	0	0	0	0	0	0	0	0	0	0	0	0	0	0	0	0	0	0	0
0	0	0	0	0	0	0	0	0	0	0	0	0	0	0	0	0	0	0	0	0	0	0	0
0	0	58650	58650	152000	675000	1100000	1840000	2520000	3050000	3650000	3630000	4270000	3830000	3640000	2390000	1410000	921000	710000	570000	375000	424000	82617	220000
0	0	1803	5281	27945	190000	340000	1190000	1310000	1680000	2640000	3390000	3210000	4170000	3740000	2100000	1590000	609000	345000	98980	80370	39948	21953	4875
0	1173	9680	11510	50846	282000	298000	539000	1030000	1440000	1450000	1730000	1880000	1880000	1340000	787000	497000	272000	90341	63298	17835	23569	10280	2917
0	0	0	0	0	0	32431	289000	1050000	1960000	3130000	3300000	2860000	2790000	1510000	1410000	860000	811000	490000	208000	606000	31119	0	0
0	0	0	13257	85530	197000	463000	522000	573000	722000	1000000	1240000	1760000	1590000	1520000	829000	628000	374000	112000	98501	0	18865	36828	0
0	0	29442	46436	80044	139343	173805	451273	643349	1055446	1227996	1335444	1726270	1297981	1047390	648224	296613	160953	19437	0	0	6667	2750	0
0	0	0	0	0	0	0	0	0	0	0	0	0	0	0	0	0	0	0	0	0	0	0	0
0	0	62661	82697	153951	867725	745297	698358	831958	789737	983106	1211518	1510669	1969535	1709403	1639477	1126751	530046	320148	131055	187676	0	0	48639
0	385576	382880	674104	1197945	1193112	1525601	1368763	1298252	1458355	1658793	1644368	1755087	2078129	1594942	910094	535672	461063	370394	157500	34273	13495	20724	171587
0	7839	0	18972	46329	45955	244914	405772	1175814	2199209	2527929	2959312	2513917	2408948	1508166	955941	596726	464493	211602	152638	33984	22228	66949	49095
0	5640	41664	34798	82524	229042	304345	460641	335875	665032	1090328	1376397	1458016	1918112	1611503	1398580	947085	679311	271084	344169	348366	315307	103198	214254
0	749	8338	6092	6092	73204	174502	404205	698671	1066979	1977111	2262843	1719296	2126922	2016654	1640585	708871	574732	232400	174891	133031	125594	18818	20743
0	0	22748	0	0	4023	61003	81768	138460	522308	648532	1112651	1595909	1713557	2077651	1882116	1407069	839996	709966	283488	201307	182905	57163	20870
0	103553	524982	439598	339664	547019	726536	859253	884333	949506	1012413	1359213	922692	1059756	1100929	1046066	834121	552539	232598	49487	74434	66176	44205	38303
0	0	0	0	0	0	0	0	0	0	0	0	0	0	0	0	0	0	0	0	0	0	0	0

# OK: Pesos Arrastre																							
52.7441842	301.3646784	287.2319436	523.8661703	695.9661443	917.311103	1124.533426	1368.223145	1685.12749	1989.230582	2198.291888	2532.415728	2861.168406	3201.01028	3541.795834	4016.392536	4426.140045	5053.55871	5597.118296	6021.420883	6265.131354	6631.106983	7290.796824	8035.242456
52.7441842	301.3646784	287.2319436	523.8661703	695.9661443	917.311103	1124.533426	1368.223145	1685.12749	1989.230582	2198.291888	2532.415728	2861.168406	3201.01028	3541.795834	4016.392536	4426.140045	5053.55871	5597.118296	6021.420883	6265.131354	6631.106983	7290.796824	8035.242456
52.7441842	301.3646784	287.2319436	523.8661703	695.9661443	917.311103	1124.533426	1368.223145	1685.12749	1989.230582	2198.291888	2532.415728	2861.168406	3201.01028	3541.795834	4016.392536	4426.140045	5053.55871	5597.118296	6021.420883	6265.131354	6631.106983	7290.796824	8035.242456
52.7441842	301.3646784	287.2319436	523.8661703	695.9661443	917.311103	1124.533426	1368.223145	1685.12749	1989.230582	2198.291888	2532.415728	2861.168406	3201.01028	3541.795834	4016.392536	4426.140045	5053.55871	5597.118296	6021.420883	6265.131354	6631.106983	7290.796824	8035.242456
52.7441842	301.3646784	287.2319436	523.8661703	695.9661443	917.311103	1124.533426	1368.223145	1685.12749	1989.230582	2198.291888	2532.415728	2861.168406	3201.01028	3541.795834	4016.392536	4426.140045	5053.55871	5597.118296	6021.420883	6265.131354	6631.106983	7290.796824	8035.242456
52.7441842	258.7538723	284.4865325	505.4156929	830.9284367	932.8385664	1229.658951	1530.681872	1787.879177	2327.071225	2976.990354	3225.357051	3759.401285	4151.212173	4958.876652	5433.878575	5853.462522	6020.510653	6538.242386	7083.231733	7309.8792	7215.591943	7669.809076	8261.959534
155.2349323	258.7538723	494.538325	603.797498	727.8346903	1015.90032	1412.265011	1735.582013	2005.102698	2179.360018	2438.420071	2703.129489	2998.340338	3405.762468	3934.384267	4337.646637	4967.34451	5176.457935	5390.341406	5844.899838	5930.871827	6248.880786	6249.114272	7050.132678
42.21167364	233.4592249	318.2911368	649.3739401	975.6883188	1261.720255	1551.069717	1854.258671	2146.764055	2424.672632	2839.922009	3377.387528	3815.500765	4342.57306	4908.027633	5277.525775	5854.792564	6185.057522	6500.452956	7001.125972	7005.803872	6792.343649	7298.578461	8009.274199
36.02782636	190.7241449	448.9739348	566.3368941	1032.81921	1477.923339	1824.165317	2059.429865	2348.900222	2642.121272	2946.539977	3376.431841	3671.651265	3923.991338	4562.90575	4770.684518	5094.218875	5452.363574	5748.575347	6255.357207	6413.16433	6957.70617	6521.566614	6675.141482
64.2138	203.8217604	470.3374926	586.2412708	682.9640132	903.7515659	1402.665189	1781.526648	2103.078841	2388.762433	2648.063415	3008.048977	3384.948705	3780.536155	4268.309218	4645.444982	4968.656011	5378.099159	5799.199008	5801.437685	5991.651697	6463.27974	6114.533899	6746.479904
40.59218934	276.2824492	391.6992854	519.6425396	677.7264929	906.9528337	1288.255804	1763.944862	2177.346723	2410.786846	2740.384589	3031.134077	3470.969236	3882.606137	4302.47442	4845.61772	5160.276996	5520.857116	6215.300502	6962.53865	7597.340145	7496.70988	7794.074876	8387.889221
64.2138	176.1666051	339.5253079	609.8458215	824.90644	1095.540289	1413.797961	1815.985182	2059.014885	2269.838127	2653.487027	3081.155811	3455.125958	3968.621535	4418.736531	4989.766559	5236.694524	5589.807765	5884.576932	6413.220215	6937.041334	6686.025391	6846.637025	6526.788072
64.2138	129.4536756	314.6132864	440.9281557	730.5619789	1015.109016	1354.634378	1669.303092	1934.239146	2261.162776	2610.418816	2970.084932	3296.819872	3707.893399	4119.407377	4534.434003	4884.472001	5194.636189	5380.425185	6084.449908	5566.577407	5440.770629	6434.879393	6603.575264
64.2138	67.58355722	443.6058089	561.7070223	717.2896686	938.3328874	1270.472359	1579.231049	1915.328614	2193.02972	2398.354088	2716.712948	3150.392813	3490.521029	3877.400349	4238.080529	4556.923556	4955.976138	5151.440459	5622.582145	5875.821756	6101.638783	6353.000455	6882.326517
64.2138	251.585	498.4073316	652.496038	748.8549623	946.3951452	1071.304296	1348.274418	1680.927676	1862.99356	2094.2339	2339.406094	2696.371253	3115.247096	3471.305421	3735.389602	3985.245746	4394.046734	4804.751869	5439.951982	5664.291051	6075.877477	6240.02693	6682.928945
64.2138	251.585	427.2604685	578.1821626	832.8206179	1216.417858	1223.303909	1318.930968	1606.222242	1884.437643	2011.202852	2294.915259	2608.399016	2971.958294	3350.243419	3861.517554	4162.948231	4421.33772	4818.285478	5142.464832	5555.840587	6353.87681	6617.207983	7684.222059
64.2138	387.5778987	389.3278598	534.3671646	898.7133252	1086.125821	1208.074087	1327.181563	1599.39665	1814.768404	2047.875005	2386.662395	2708.127401	2997.56443	3355.545024	3767.655966	4034.387532	4503.277906	4970.499481	5017.594982	5480.943415	5975.63394	6474.727584	5773.847749
64.2138	251.585	363.3409296	492.8721531	858.364502	1186.925072	1519.78675	1764.519269	2036.406437	2377.11353	2575.135807	2807.661809	3133.840979	3369.593259	3912.326369	4069.70482	4376.294194	4728.577109	4661.482463	4883.7374	5384.378973	4934.267965	4085.591241	4306.547742
64.2138	251.585	388.2671133	599.2171693	998.4274663	1528.53845	1805.003271	2242.113743	2386.328509	2863.434956	3118.542822	3580.983498	4007.080063	4118.211	4966.828824	5449.022743	6226.382356	6059.368966	5997.585561	7133.762628	6453.561589	9491.814924	10720.95742	7356.93
64.2138	343.0459958	441.0687599	643.6639422	1022.862891	1368.869905	1853.687286	2272.858827	2591.02516	2789.614883	3096.462377	3390.328387	3655.322468	3797.77	4060.180328	4693.480204	5213.766198	5411.3714	5362.51796	5737.580163	5704.394292	5958.619271	5868.449168	5668.224299
64.2138	251.585	300.4394758	936.2956546	1185.888965	1429.40048	1786.297939	2112.854058	2503.107576	2735.037136	3001.907478	3366.5664	3740.077487	4004.743866	4322.996317	4981.711336	5464.563412	5750.485947	5978.434636	5141.094528	5854.509487	6325.539704	7120.262044	6182.222189
64.2138	251.585	340.4366743	691.1536451	996.2891249	1239.87073	1633.266854	1977.41188	2376.832431	2660.206985	2973.765769	3225.023422	3745.384587	3937.994516	4383.839373	4875.575369	5090.54096	5515.282299	5518.687656	4888.949218	7047.673432	5024.976909	8446.086802	5602.481194
64.2138	251.585	420.356	788.7279548	885.270069	1244.237089	1466.620813	1912.463962	2347.563841	2705.790038	2968.419315	3179.32912	3566.111832	3844.818059	4084.354957	4561.898301	5318.276137	5565.612773	5435.310329	5921.810991	6195.058062	6955.324996	7919.743669	9031.27759
64.2138	361.9207529	330.5801924	487.3305946	795.660192	1195.640928	1674.235567	2033.4962	2313.978125	2761.586369	3108.753761	3309.712679	3771.19123	4000.419148	4142.436022	4429.544595	4527.467524	4753.540893	4929.913441	4894.620658	5283.640464	5774.927622	5431.573698	5443.117171
64.2138	251.585	393.6828918	500.3817907	800.4611287	1187.944499	1541.674536	2023.868734	2434.275638	2726.0057	3084.702042	3332.76896	3948.949112	4052.752447	4420.044317	5078.599628	5900.197821	5972.044931	5812.941412	6048.984878	7449.569138	9267.750182	9774.870992	11481.42632
64.2138	137.8397746	375.274064	482.3376687	657.226618	1135.00697	1668.666119	2165.971366	2542.549148	2853.60997	3285.001563	3593.530246	3974.821175	4345.707523	4799.011476	5299.672486	5701.021232	5907.770248	5921.493315	7044.690448	7827.882928	8538.720998	6739.481815	8200.360511
64.2138	251.585	506.4824529	653.6651921	1004.176825	1278.69939	1689.757124	2273.173803	2675.337921	3075.108517	3285.126125	3704.182691	4116.179965	4367.560826	4873.516167	5147.071183	5644.018678	5717.183189	5790.068657	6124.736509	6786.554373	8354.186189	7576.34966	12377.11481
64.2138	406.4525448	379.4806555	565.8199498	903.0481837	1480.126636	1836.387931	2315.143986	2757.416116	3052.195215	3392.046085	3747.531728	4073.557425	4462.126837	4807.864106	5097.395224	5384.024896	5559.714857	6021.044966	6033.140041	6773.940102	6321.969771	6463.023011	5901.762935
64.2138	288.7567583	376.3609228	589.4078559	990.2997497	1444.060274	1881.857781	2252.311172	2434.267132	2625.75408	3030.359226	3439.251807	3927.740557	4433.67003	4782.811291	5383.900156	5168.338504	5328.762355	5986.212832	6368.919692	6664.414272	4950.425676	7073.97	6955.124569
64.2138	580.7506372	524.5342334	588.8101469	769.488154	1228.101192	1508.453834	1860.78195	2365.735197	2529.838145	3006.749893	3251.091846	3699.400679	3852.81649	4185.735083	4857.473133	5226.716501	5734.829	6003.875771	6143.05764	6461.479734	7440.533588	8319.834335	7247.968646
64.2138	251.585	458.5571674	525.9379028	680.6032854	1006.225629	1324.94327	1856.840819	1999.214672	2492.064467	2850.016762	3297.489592	3708.743692	4103.074995	4428.916633	5110.254532	5483.751226	6150.117848	6632.761977	6549.991232	6699.60552	6455.985422	6629.925963	7522.999642
64.2138	274.6295736	350.7429393	510.7321999	705.5767381	1058.683044	1507.038992	1776.319669	2144.762235	2505.947679	2981.669363	3269.263335	3717.816547	4115.2823	4576.702131	5170.825796	5649.352123	6145.634858	6217.195814	6554.813299	6491.844281	7332.314429	7407.446502	8394.701001
64.2138	286.1014095	508.6369256	493.2356804	809.3640786	1201.033197	1466.439942	1883.478283	2225.332572	2498.304457	2860.544943	3231.707827	3614.423064	4024.043149	4479.533853	5040.506944	5587.84837	6293.396429	6688.182136	7241.103501	7259.500634	7258.969399	9520.427978	7880.751081
64.2138	179.7535894	308.109935	408.2963477	693.4258113	981.46629	1338.40014	1502.452383	1832.352298	2147.350564	2560.543857	2930.594994	3363.5463	3741.722811	4314.652186	4873.998699	5276.685654	5892.896282	6430.57615	6873.638622	7050.071975	7814.424581	8347.319232	9118.065728
64.2138	202.7718068	250.9337419	477.1349861	721.0042962	1051.468822	1421.609069	1785.07287	2161.188809	2587.309934	2978.546285	3411.6661	3810.043546	4195.680037	4730.741479	4926.260802	5581.236627	6332.83926	6750.145701	7392.706313	7905.895554	8583.027572	7979.078048	7570.626501
64.2138	145.3342504	255.3515959	465.1406404	604.7752622	1044.009386	1406.634706	1712.866787	2107.515698	2414.082605	2738.420508	3072.231709	3417.569957	3859.895131	4192.423432	4549.150233	5197.708066	5634.092747	5824.73773	6272.963289	6608.99328	8084.648519	7234.117376	8086.925761
64.2138	189.2277447	307.0737124	385.2840172	790.7334637	1196.466285	1479.591546	1763.462983	1925.187672	2562.009178	2869.665701	3333.103336	3656.867772	4029.83316	4378.358683	4813.892702	5295.661795	5700.407004	6191.229372	6639.819662	7225.132396	7317.372996	8033.260966	8281.794449
64.2138	189.2277447	307.0737124	385.2840172	790.7334637	1196.466285	1479.591546	1763.462983	1925.187672	2562.009178	2869.665701	3333.103336	3656.867772	4029.83316	4378.358683	4813.892702	5295.661795	5700.407004	6191.229372	6639.819662	7225.132396	7317.372996	8033.260966	8281.794449
																							
# OK: Pesos Palangre																							
52.7441842	301.3646784	287.2319436	523.8661703	695.9661443	917.311103	1124.533426	1368.223145	1685.12749	1989.230582	2198.291888	2532.415728	2861.168406	3201.01028	3541.795834	4016.392536	4426.140045	5053.55871	5597.118296	6021.420883	6265.131354	6631.106983	7290.796824	8035.242456
52.7441842	301.3646784	287.2319436	523.8661703	695.9661443	917.311103	1124.533426	1368.223145	1685.12749	1989.230582	2198.291888	2532.415728	2861.168406	3201.01028	3541.795834	4016.392536	4426.140045	5053.55871	5597.118296	6021.420883	6265.131354	6631.106983	7290.796824	8035.242456
52.7441842	301.3646784	287.2319436	523.8661703	695.9661443	917.311103	1124.533426	1368.223145	1685.12749	1989.230582	2198.291888	2532.415728	2861.168406	3201.01028	3541.795834	4016.392536	4426.140045	5053.55871	5597.118296	6021.420883	6265.131354	6631.106983	7290.796824	8035.242456
52.7441842	301.3646784	287.2319436	523.8661703	695.9661443	917.311103	1124.533426	1368.223145	1685.12749	1989.230582	2198.291888	2532.415728	2861.168406	3201.01028	3541.795834	4016.392536	4426.140045	5053.55871	5597.118296	6021.420883	6265.131354	6631.106983	7290.796824	8035.242456
52.7441842	301.3646784	287.2319436	523.8661703	695.9661443	917.311103	1124.533426	1368.223145	1685.12749	1989.230582	2198.291888	2532.415728	2861.168406	3201.01028	3541.795834	4016.392536	4426.140045	5053.55871	5597.118296	6021.420883	6265.131354	6631.106983	7290.796824	8035.242456
52.7441842	258.7538723	284.4865325	505.4156929	830.9284367	932.8385664	1229.658951	1530.681872	1787.879177	2327.071225	2976.990354	3225.357051	3759.401285	4151.212173	4958.876652	5433.878575	5853.462522	6020.510653	6538.242386	7083.231733	7309.8792	7215.591943	7669.809076	8261.959534
155.2349323	258.7538723	494.538325	603.797498	727.8346903	1015.90032	1412.265011	1735.582013	2005.102698	2179.360018	2438.420071	2703.129489	2998.340338	3405.762468	3934.384267	4337.646637	4967.34451	5176.457935	5390.341406	5844.899838	5930.871827	6248.880786	6249.114272	7050.132678
42.21167364	233.4592249	318.2911368	649.3739401	975.6883188	1261.720255	1551.069717	1854.258671	2146.764055	2424.672632	2839.922009	3377.387528	3815.500765	4342.57306	4908.027633	5277.525775	5854.792564	6185.057522	6500.452956	7001.125972	7005.803872	6792.343649	7298.578461	8009.274199
36.02782636	190.7241449	448.9739348	566.3368941	1032.81921	1477.923339	1824.165317	2059.429865	2348.900222	2642.121272	2946.539977	3376.431841	3671.651265	3923.991338	4562.90575	4770.684518	5094.218875	5452.363574	5748.575347	6255.357207	6413.16433	6957.70617	6521.566614	6675.141482
64.2138	203.8217604	470.3374926	586.2412708	682.9640132	903.7515659	1402.665189	1781.526648	2103.078841	2388.762433	2648.063415	3008.048977	3384.948705	3780.536155	4268.309218	4645.444982	4968.656011	5378.099159	5799.199008	5801.437685	5991.651697	6463.27974	6114.533899	6746.479904
40.59218934	276.2824492	391.6992854	519.6425396	677.7264929	906.9528337	1288.255804	1763.944862	2177.346723	2410.786846	2740.384589	3031.134077	3470.969236	3882.606137	4302.47442	4845.61772	5160.276996	5520.857116	6215.300502	6962.53865	7597.340145	7496.70988	7794.074876	8387.889221
64.2138	176.1666051	339.5253079	609.8458215	824.90644	1095.540289	1413.797961	1815.985182	2059.014885	2269.838127	2653.487027	3081.155811	3455.125958	3968.621535	4418.736531	4989.766559	5236.694524	5589.807765	5884.576932	6413.220215	6937.041334	6686.025391	6846.637025	6526.788072
64.2138	251.585	420.356	557.1611017	870.0548081	1038.095526	1368.382148	1695.90178	2008.311728	2319.086999	2660.394122	3172.766707	3490.240247	4085.383228	4488.215152	5119.740849	5587.484308	5662.342916	5686.861677	6526.75919	6187.463281	6334.243429	6915.77863	7146.780867
64.2138	251.585	600.4086858	782.6910577	822.1963959	939.236248	1254.20008	1639.875753	2046.264052	2347.150183	2569.684757	2924.154126	3390.234807	3775.555646	4163.42456	4527.777771	4797.453938	5209.017442	5429.312933	5975.760116	6330.481355	6590.468804	6762.971013	7575.855241
64.2138	251.585	539.8782764	725.41571	761.7141475	1038.187501	1080.88483	1281.114498	1640.447731	1860.247438	2097.373468	2392.981314	2819.449703	3290.346029	3655.255018	3990.819256	4273.260154	4589.048559	5025.936395	5463.864527	5755.902521	6445.275838	6736.732632	7638.672321
64.2138	251.585	420.356	639.971	918.31	1677.756715	1469.459433	1847.935511	1923.089609	2031.163433	2200.585918	2500.903405	2853.30923	3228.053617	3743.750934	4400.157969	4755.580353	5172.356591	5658.223941	6214.986681	6843.288214	7839.488354	7323.297749	8095.004733
64.2138	387.5778987	389.3278598	534.3671646	898.7133252	1086.125821	1208.074087	1327.181563	1599.39665	1814.768404	2047.875005	2386.662395	2708.127401	2997.56443	3355.545024	3767.655966	4034.387532	4503.277906	4970.499481	5017.594982	5480.943415	5975.63394	6474.727584	5773.847749
64.2138	251.585	363.3409296	492.8721531	858.364502	1186.925072	1519.78675	1764.519269	2036.406437	2377.11353	2575.135807	2807.661809	3133.840979	3369.593259	3912.326369	4069.70482	4376.294194	4728.577109	4661.482463	4883.7374	5384.378973	4934.267965	4085.591241	4306.547742
64.2138	251.585	420.356	807.4154457	1779.865454	1951.790282	2140.61242	2439.788955	2642.360454	2929.314931	3265.248736	3741.565417	4002.643273	4257.433774	4904.260664	5255.494877	5619.501154	5970.15047	5822.467119	7012.377728	6796.698229	9491.814924	7073.97	7356.93
64.2138	251.585	573.849841	598.3839821	1262.675641	1609.912949	2116.981504	2458.355984	2677.521893	2943.072247	3214.110336	3648.561296	3832.782588	3995.711327	4274.245489	5005.269818	5534.920149	5729.693771	6011.263173	6120.999159	6224.09196	6644.139965	6425.445694	7721.314053
64.2138	251.585	420.356	611.6774223	1139.320789	1471.954642	1832.020314	2188.00323	2626.64216	3084.620236	3564.390515	3893.039541	4223.084434	4560.183558	4909.911419	5707.242455	6091.207253	6477.543534	7252.340547	7666.503111	7763.700745	6216.77593	8136.790791	8040.156069
64.2138	251.585	444.1989726	570.5884414	886.150171	1269.948305	1670.280645	1980.934736	2468.255721	2830.102459	3104.444007	3506.703376	3923.281655	4266.490304	4576.087505	5259.166778	5600.727583	6161.173464	5987.101454	6387.338039	6516.621042	6620.973595	7796.375025	5829.002081
64.2138	251.585	420.356	584.5931774	983.4552317	1369.226474	1812.777053	2144.876457	2468.309805	2836.253118	3113.679657	3358.584697	3768.066035	3960.500391	4235.73336	4669.864196	5170.670236	5715.975105	5644.692164	5789.867284	5889.901695	6729.032097	6809.704662	7856.940042
64.2138	251.585	420.356	931.041181	1037.710603	1284.296569	1674.085323	1958.431025	2283.453478	2660.434879	3051.562335	3274.006119	3734.78074	3952.278837	4170.044317	4599.319913	4857.604803	4953.41933	5188.063697	5209.490773	5320.665523	5512.365196	5714.634174	5408.686098
64.2138	251.585	420.356	602.3297634	987.8809858	1398.132938	1766.761984	2219.504091	2521.268943	2838.352575	3175.78087	3358.599595	3956.725309	4148.263026	4443.182921	5089.51433	5654.171658	5985.136382	5861.303973	5655.986145	6763.449749	8724.854614	9971.733695	12813.9714
64.2138	251.585	670.5718791	694.8731248	1130.68291	1569.877392	1889.017083	2201.713667	2550.239623	2794.511621	3204.831037	3464.73431	3883.834345	4196.271177	4673.256757	5146.118927	5498.436886	5741.413364	5880.142867	6607.001475	6547.783925	6586.182495	6803.975355	7675.274771
64.2138	251.585	585.4676049	995.5895035	1332.715546	1615.922784	1960.016543	2213.599976	2438.869364	2602.677179	2873.095239	3232.615178	3596.022966	3859.247473	4266.57615	4483.636291	5431.786812	5273.111167	6057.661997	6285.825463	6379.629394	6652.369427	7562.06987	10620.46094
64.2138	251.585	654.0317978	998.0888414	1376.597023	1740.542701	1983.805336	2396.243	2701.764888	2946.00965	3165.077324	3333.386803	3652.842516	3950.416531	4261.577097	4579.357204	4872.341103	5286.250792	5652.69636	5613.823188	8208.236137	6340.660584	6511.099468	5970.381397
64.2138	251.585	420.356	1367.11296	1334.488758	1719.085561	2040.727028	2358.020659	2659.310791	2845.430294	3213.73043	3855.503953	4182.204398	4671.388809	4795.913516	4990.46522	5204.595846	5382.928099	6158.073635	6420.765742	5622.159411	5087.651267	7073.97	7442.444339
64.2138	541.5385772	532.8856649	608.962737	953.6380379	1437.90801	1614.276295	1942.298159	2265.241055	2422.971026	2834.070703	2993.644255	3438.781584	3686.964456	3997.992051	4557.802193	4831.092352	5496.674961	5384.431263	5556.722949	6944.272033	7500.054015	7690.476131	7450.130272
64.2138	251.585	923.9749262	832.5895073	1201.290688	1564.973374	1846.409182	2169.176318	2281.37029	2713.749656	2869.381136	3179.632713	3500.676386	3844.354022	4196.459345	4620.466279	4890.763451	5464.765708	5688.333838	5905.205137	6755.762677	6865.396572	5579.015465	6632.012274
64.2138	251.585	420.356	639.971	1450.952977	1862.499178	2388.174835	2500.136847	2570.158497	2815.824868	3147.614033	3325.379325	3747.044074	4045.614309	4446.788305	4714.022362	5040.672443	5352.152814	5521.220568	5671.271594	5585.455135	5374.979534	6785.723823	7649.890364
64.2138	251.585	420.356	903.0735863	1208.011226	1506.858865	1698.039335	2076.991073	2329.734205	2629.256812	2974.493736	3311.063361	3585.604242	3897.389681	4220.698942	4548.47448	5066.717383	5311.165521	5716.523412	6421.589261	6458.012419	6321.102587	7242.131656	10361.4455
64.2138	251.585	420.356	639.971	1042.313451	1374.197823	1661.526577	1852.757159	2118.03466	2401.591358	2724.255329	3076.133654	3526.620778	3814.805666	4293.127656	4673.256041	5093.54583	5481.81782	5824.801497	6796.202981	6606.368379	5709.22764	6982.444647	7573.903127
64.2138	251.585	420.356	1055.701946	1121.371268	1313.31897	1800.225629	2138.632636	2518.336293	2854.584327	3184.530073	3679.192775	4013.754541	4430.629568	4751.939043	4928.444658	5478.213663	5538.390456	5963.696496	6045.076059	7140.622249	7187.713736	7771.953303	10383.15352
64.2138	251.585	420.356	1090.237115	1395.775572	2302.821673	1908.650322	1983.085781	2254.953287	2464.961696	2807.901256	3116.542909	3530.921357	4025.904417	4233.341012	4450.167087	4982.842381	5221.634968	5678.824791	5842.410504	6309.674221	7607.595501	6667.526996	8365.761326
64.2138	251.585	420.356	724.4073262	1236.994486	1336.509057	1529.637688	1007.64502	1604.621381	2192.409257	2241.660948	2516.218712	3098.371425	3495.706513	3910.483422	4211.187235	4468.929513	4904.663184	5425.711558	6381.052887	6649.633914	7176.253092	6001.278289	6479.776078
64.2138	251.585	420.356	724.4073262	1236.994486	1336.509057	1529.637688	1007.64502	1604.621381	2192.409257	2241.660948	2516.218712	3098.371425	3495.706513	3910.483422	4211.187235	4468.929513	4904.663184	5425.711558	6381.052887	6649.633914	7176.253092	6001.278289	6479.776078
																							
# OK: Pesos Espinel																							
52.7441842	301.3646784	287.2319436	523.8661703	695.9661443	917.311103	1124.533426	1368.223145	1685.12749	1989.230582	2198.291888	2532.415728	2861.168406	3201.01028	3541.795834	4016.392536	4426.140045	5053.55871	5597.118296	6021.420883	6265.131354	6631.106983	7290.796824	8035.242456
52.7441842	301.3646784	287.2319436	523.8661703	695.9661443	917.311103	1124.533426	1368.223145	1685.12749	1989.230582	2198.291888	2532.415728	2861.168406	3201.01028	3541.795834	4016.392536	4426.140045	5053.55871	5597.118296	6021.420883	6265.131354	6631.106983	7290.796824	8035.242456
52.7441842	301.3646784	287.2319436	523.8661703	695.9661443	917.311103	1124.533426	1368.223145	1685.12749	1989.230582	2198.291888	2532.415728	2861.168406	3201.01028	3541.795834	4016.392536	4426.140045	5053.55871	5597.118296	6021.420883	6265.131354	6631.106983	7290.796824	8035.242456
52.7441842	301.3646784	287.2319436	523.8661703	695.9661443	917.311103	1124.533426	1368.223145	1685.12749	1989.230582	2198.291888	2532.415728	2861.168406	3201.01028	3541.795834	4016.392536	4426.140045	5053.55871	5597.118296	6021.420883	6265.131354	6631.106983	7290.796824	8035.242456
52.7441842	301.3646784	287.2319436	523.8661703	695.9661443	917.311103	1124.533426	1368.223145	1685.12749	1989.230582	2198.291888	2532.415728	2861.168406	3201.01028	3541.795834	4016.392536	4426.140045	5053.55871	5597.118296	6021.420883	6265.131354	6631.106983	7290.796824	8035.242456
52.7441842	258.7538723	284.4865325	505.4156929	830.9284367	932.8385664	1229.658951	1530.681872	1787.879177	2327.071225	2976.990354	3225.357051	3759.401285	4151.212173	4958.876652	5433.878575	5853.462522	6020.510653	6538.242386	7083.231733	7309.8792	7215.591943	7669.809076	8261.959534
155.2349323	258.7538723	494.538325	603.797498	727.8346903	1015.90032	1412.265011	1735.582013	2005.102698	2179.360018	2438.420071	2703.129489	2998.340338	3405.762468	3934.384267	4337.646637	4967.34451	5176.457935	5390.341406	5844.899838	5930.871827	6248.880786	6249.114272	7050.132678
42.21167364	233.4592249	318.2911368	649.3739401	975.6883188	1261.720255	1551.069717	1854.258671	2146.764055	2424.672632	2839.922009	3377.387528	3815.500765	4342.57306	4908.027633	5277.525775	5854.792564	6185.057522	6500.452956	7001.125972	7005.803872	6792.343649	7298.578461	8009.274199
36.02782636	190.7241449	448.9739348	566.3368941	1032.81921	1477.923339	1824.165317	2059.429865	2348.900222	2642.121272	2946.539977	3376.431841	3671.651265	3923.991338	4562.90575	4770.684518	5094.218875	5452.363574	5748.575347	6255.357207	6413.16433	6957.70617	6521.566614	6675.141482
64.2138	203.8217604	470.3374926	586.2412708	682.9640132	903.7515659	1402.665189	1781.526648	2103.078841	2388.762433	2648.063415	3008.048977	3384.948705	3780.536155	4268.309218	4645.444982	4968.656011	5378.099159	5799.199008	5801.437685	5991.651697	6463.27974	6114.533899	6746.479904
40.59218934	276.2824492	391.6992854	519.6425396	677.7264929	906.9528337	1288.255804	1763.944862	2177.346723	2410.786846	2740.384589	3031.134077	3470.969236	3882.606137	4302.47442	4845.61772	5160.276996	5520.857116	6215.300502	6962.53865	7597.340145	7496.70988	7794.074876	8387.889221
64.2138	176.1666051	339.5253079	609.8458215	824.90644	1095.540289	1413.797961	1815.985182	2059.014885	2269.838127	2653.487027	3081.155811	3455.125958	3968.621535	4418.736531	4989.766559	5236.694524	5589.807765	5884.576932	6413.220215	6937.041334	6686.025391	6846.637025	6526.788072
64.2138	129.4536756	314.6132864	440.9281557	730.5619789	1015.109016	1354.634378	1669.303092	1934.239146	2261.162776	2610.418816	2970.084932	3296.819872	3707.893399	4119.407377	4534.434003	4884.472001	5194.636189	5380.425185	6084.449908	5566.577407	5440.770629	6434.879393	6603.575264
64.2138	67.58355722	443.6058089	561.7070223	717.2896686	938.3328874	1270.472359	1579.231049	1915.328614	2193.02972	2398.354088	2716.712948	3150.392813	3490.521029	3877.400349	4238.080529	4556.923556	4955.976138	5151.440459	5622.582145	5875.821756	6101.638783	6353.000455	6882.326517
64.2138	251.585	498.4073316	652.496038	748.8549623	946.3951452	1071.304296	1348.274418	1680.927676	1862.99356	2094.2339	2339.406094	2696.371253	3115.247096	3471.305421	3735.389602	3985.245746	4394.046734	4804.751869	5439.951982	5664.291051	6075.877477	6240.02693	6682.928945
64.2138	251.585	427.2604685	578.1821626	832.8206179	1216.417858	1223.303909	1318.930968	1606.222242	1884.437643	2011.202852	2294.915259	2608.399016	2971.958294	3350.243419	3861.517554	4162.948231	4421.33772	4818.285478	5142.464832	5555.840587	6353.87681	6617.207983	7684.222059
64.2138	387.5778987	389.3278598	534.3671646	898.7133252	1086.125821	1208.074087	1327.181563	1599.39665	1814.768404	2047.875005	2386.662395	2708.127401	2997.56443	3355.545024	3767.655966	4034.387532	4503.277906	4970.499481	5017.594982	5480.943415	5975.63394	6474.727584	5773.847749
64.2138	251.585	363.3409296	492.8721531	858.364502	1186.925072	1519.78675	1764.519269	2036.406437	2377.11353	2575.135807	2807.661809	3133.840979	3369.593259	3912.326369	4069.70482	4376.294194	4728.577109	4661.482463	4883.7374	5384.378973	4934.267965	4085.591241	4306.547742
64.2138	226.368485	646.361411	810.7719401	983.099419	1463.316491	1824.320608	2404.861003	2699.828956	3053.382696	3371.34249	3643.91009	4237.04569	4264.081911	4426.858857	4978.916511	5371.002671	5661.033288	5868.39208	6879.205647	6703.973231	9128.946645	8473.555345	7356.93
64.2138	343.0459958	227.7080598	1114.346459	1380.771057	2090.377843	2151.713944	2505.197046	2805.209884	3097.734144	3473.390373	3700.1281	3817.286301	3968.120138	4693.054159	5579.126727	5361.567228	2918.518401	7426.634133	7906.590968	8431.57279	8684.312558	9410.500702	10752.44507
64.2138	251.585	215.7541615	759.119185	1135.879182	1658.043099	1948.111612	2238.071308	2613.543224	2870.894339	3066.977233	3315.82698	3827.544938	3883.89159	4464.184349	5272.141084	5570.861623	6018.729534	6590.641428	7358.136299	6942.246679	8380.603955	7266.037027	10529.9388
64.2138	251.585	340.4366743	691.1536451	996.2891249	1239.87073	1633.266854	1977.41188	2376.832431	2660.206985	2973.765769	3225.023422	3745.384587	3937.994516	4383.839373	4875.575369	5090.54096	5515.282299	5518.687656	4888.949218	7047.673432	5024.976909	8446.086802	5602.481194
64.2138	149.9678223	377.3826506	589.5795296	719.0938607	1195.359366	1604.70818	1791.17548	2243.276181	2718.537736	2924.155718	3380.03875	3424.113754	3888.353956	4297.342987	4644.68353	4891.721222	5392.775206	5654.378193	5892.042206	3974.937754	3789.268127	5754.12595	9031.27759
64.2138	361.9207529	330.5801924	1031.917423	1628.603515	1634.388534	1867.016041	1972.790091	2161.649698	2390.749281	2792.912777	2881.76606	2968.866697	3446.535897	3879.942889	4521.390074	4719.613513	4992.386657	5298.978053	5459.924908	8167.916359	8751.971983	5431.573698	5443.117171
64.2138	302.6397588	651.6848688	890.6832839	1154.433837	1353.87425	1829.633533	2024.029962	2308.716384	2549.375192	2703.016444	2935.392176	3406.964043	3431.902766	3730.408322	4299.938695	4253.665444	4247.79232	5660.06994	7317.260637	6527.058431	6062.066457	9555.81118	10930.60315
64.2138	137.8397746	275.4527314	1078.85841	959.3324703	1640.081944	1944.121448	2147.743193	2429.063282	2599.530887	2746.101177	2962.815233	2998.435822	3413.513557	3854.901153	3757.909532	5130.304618	5447.849432	6940.819211	8213.666388	8112.319206	9542.068706	9894.164113	10777.34849
67.94261036	397.9039232	278.2568024	919.5289827	1133.132829	1465.435033	1718.194416	2024.67248	2243.948531	2498.764275	2677.070518	2966.191752	3105.441989	3419.581523	3887.025729	4698.087005	4640.532217	5225.357334	5904.138407	6219.520423	6669.70151	8306.696351	8970.485508	9402.243857
64.2138	252.5864042	300.188222	546.2123184	1295.426424	1590.892655	1681.452446	1905.073419	2232.384099	2473.165442	2666.293235	3175.408288	3481.531723	3893.824645	3755.175843	4308.284712	4174.281421	6286.374869	6822.02316	7278.123304	7613.903569	8171.179994	6463.023011	5901.762935
64.2138	388.1987548	612.7378582	909.6149034	1132.785265	1380.779788	1635.664361	1924.777683	2089.786496	2250.236813	2691.686001	2814.636434	3224.264355	3449.389307	3758.176411	4068.362652	4693.944028	4827.760432	6804.639872	7434.69547	7889.242685	6246.031091	9362.597861	10382.78212
64.2138	580.7506372	486.1442993	601.2566996	1128.66353	1290.736534	1493.186049	1869.966473	1994.856067	2263.839266	2419.905533	2717.284036	2975.433997	2917.321119	3498.406314	3842.474021	4611.014206	5670.537104	6035.417692	6968.18873	7171.637536	8933.546017	8385.902359	8952.973107
64.2138	226.9256116	371.622636	672.3540562	915.4919789	1317.772741	1503.37685	1781.466475	2033.175081	2225.925592	2338.231105	2576.923718	2815.363942	3222.864717	3726.548582	4431.261582	5035.078072	4992.801937	6428.310383	7776.235236	8687.178995	9325.718204	10036.22356	11790.66918
64.2138	274.6295736	276.1626887	569.3175144	779.5076072	1143.792189	1525.718014	1770.169155	1951.078448	2192.721256	2390.038193	2556.301931	2903.693637	3054.970566	3244.692849	4241.345464	4341.185039	5187.641038	6788.176801	7590.57834	6895.012375	7512.224663	8726.315443	9756.908087
64.2138	286.1014095	319.4903159	608.4863393	884.0521561	1173.519159	1381.388325	1684.118803	2005.235873	2289.256988	2551.146471	2749.884271	3029.199117	3326.806054	3751.102943	4107.077261	4893.481109	6505.540485	7008.218493	7692.390021	8312.773272	8685.388164	9262.168598	11191.4803
64.2138	189.5181546	499.7678422	574.2501926	1068.302626	1418.888463	1628.338793	1817.208963	2169.659472	2369.11467	2580.035809	2769.887154	3102.090686	3240.962136	3623.481756	4136.096523	4028.201018	4967.239177	5136.156139	7138.347274	5542.299304	8262.17854	8625.421524	10791.29975
64.2138	133.9077099	476.697545	771.4048694	1046.331326	1343.580861	1658.809337	1819.340888	2071.595311	2342.75251	2659.970821	2908.257387	3147.4949	3404.092087	4016.971964	4783.877108	5022.596611	5757.953131	7692.346329	5727.332418	8928.823538	7301.268844	5531.306692	12079.94884
64.2138	70.33703393	403.2214859	490.4241455	1001.268775	1203.613768	1457.273962	1567.877277	1787.373204	2380.748296	2482.788089	2692.026128	2746.456956	3358.227782	3760.849123	4706.227362	4739.770406	4488.173977	4377.963306	7595.38861	7562.981955	9960.359486	8638.849563	10931.32653
64.2138	206.0528164	384.3148012	552.5358243	879.0476435	1124.497572	1345.212145	1632.799094	1797.353287	2082.673726	2321.640192	2682.911052	2824.765383	3534.240233	3887.864913	4080.730812	4502.316863	5757.03511	6655.245968	7412.321417	8007.230146	9158.383173	5246.377035	10934.62047
64.2138	206.0528164	384.3148012	552.5358243	879.0476435	1124.497572	1345.212145	1632.799094	1797.353287	2082.673726	2321.640192	2682.911052	2824.765383	3534.240233	3887.864913	4080.730812	4502.316863	5757.03511	6655.245968	7412.321417	8007.230146	9158.383173	5246.377035	10934.62047

# Pesos Acustica
0	0	0	0	0	0	0	0	0	0	0	0	0	0	0	0	0	0	0	0	0	0	0	0
0	0	0	0	0	0	0	0	0	0	0	0	0	0	0	0	0	0	0	0	0	0	0	0
0	0	0	0	0	0	0	0	0	0	0	0	0	0	0	0	0	0	0	0	0	0	0	0
0	0	0	0	0	0	0	0	0	0	0	0	0	0	0	0	0	0	0	0	0	0	0	0
0	0	0	0	0	0	0	0	0	0	0	0	0	0	0	0	0	0	0	0	0	0	0	0
0	0	0	0	0	0	0	0	0	0	0	0	0	0	0	0	0	0	0	0	0	0	0	0
0	0	0	0	0	0	0	0	0	0	0	0	0	0	0	0	0	0	0	0	0	0	0	0
0	0	0	0	0	0	0	0	0	0	0	0	0	0	0	0	0	0	0	0	0	0	0	0
0	0	0	0	0	0	0	0	0	0	0	0	0	0	0	0	0	0	0	0	0	0	0	0
0	0	0	0	0	0	0	0	0	0	0	0	0	0	0	0	0	0	0	0	0	0	0	0
0	0	0	0	0	0	0	0	0	0	0	0	0	0	0	0	0	0	0	0	0	0	0	0
0	0	0	0	0	0	0	0	0	0	0	0	0	0	0	0	0	0	0	0	0	0	0	0
0	0	0	0	0	0	0	0	0	0	0	0	0	0	0	0	0	0	0	0	0	0	0	0
0	0	0	0	0	0	0	0	0	0	0	0	0	0	0	0	0	0	0	0	0	0	0	0
0	0	0	0	0	0	0	0	0	0	0	0	0	0	0	0	0	0	0	0	0	0	0	0
0	0	0	0	0	0	0	0	0	0	0	0	0	0	0	0	0	0	0	0	0	0	0	0
0	0	0	0	0	0	0	0	0	0	0	0	0	0	0	0	0	0	0	0	0	0	0	0
0	0	0	0	0	0	0	0	0	0	0	0	0	0	0	0	0	0	0	0	0	0	0	0
0	0	0	0	0	0	0	0	0	0	0	0	0	0	0	0	0	0	0	0	0	0	0	0
0	0	0	0	0	0	0	0	0	0	0	0	0	0	0	0	0	0	0	0	0	0	0	0
0	0	0	0	0	0	0	0	0	0	0	0	0	0	0	0	0	0	0	0	0	0	0	0
0	0	0	0	0	0	0	0	0	0	0	0	0	0	0	0	0	0	0	0	0	0	0	0
0	0	0	0	0	0	0	0	0	0	0	0	0	0	0	0	0	0	0	0	0	0	0	0
64.2138	361.9207529	294.6902014	419.6876306	1103.333567	1358.931601	1590.234074	1925.797087	2313.481865	2637.612149	3099.910175	3394.474197	3862.341883	4227.001217	4528.545875	4837.837933	5568.996094	5667.150171	6149.718468	6603.599528	6446.198742	7438.793431	7454.425835	7697.13735
64.2138	251.585	386.0501784	620.2437031	655.4534672	1107.904264	1535.090082	1843.63732	2239.147167	2539.853753	2886.533384	3120.578102	3579.773381	3894.32083	4323.518186	5000.474535	5362.406973	5696.495492	6533.192587	7606.911023	7819.091481	8687.249685	8629.276235	12866.36344
64.2138	132.3004416	337.0407719	396.7957536	802.9942859	1523.571517	1898.081453	2147.891263	2411.980619	2652.614312	3027.644937	3364.332341	3747.845283	4192.882631	4642.136291	5320.271018	6115.841119	5975.359544	7175.437043	7451.361383	8983.430129	9215.205744	8461.115354	11051.52847
64.2138	251.585	506.4824529	653.6651921	1004.176825	1278.69939	2105.133142	2162.734999	2582.035008	2784.694501	3088.625478	3434.536233	3916.350389	4280.004054	4678.197688	5014.554878	5670.794358	5261.766645	5551.358869	6612.232448	6049.331727	8771.810843	7576.34966	12377.11481
64.2138	406.4525448	379.4806555	1246.344739	1345.037489	1768.390084	1976.400414	2340.949927	2952.917913	3137.440259	3939.364947	4307.756136	4623.153421	4900.759936	5479.031779	5919.914493	6341.148356	6296.806613	6775.90085	7216.227299	6773.940102	7579.710347	5367.062661	5901.762935
64.2138	288.7567583	398.0574498	588.8034803	769.9591464	1274.891655	2023.961942	2520.155633	2694.35821	2814.140987	3282.788551	3696.550915	4172.392379	4911.715341	5649.449875	6382.661742	6835.70736	7434.910841	6166.566679	6368.919692	6664.414272	10150.95594	5209.726712	6955.124569
64.2138	580.7506372	524.5342334	588.8101469	769.488154	1228.101192	1508.453834	1860.78195	2365.735197	2529.838145	3006.749893	3251.091846	3699.400679	3852.81649	4185.735083	4857.473133	5226.716501	5734.829	6003.875771	6143.05764	6461.479734	7440.533588	8319.834335	7247.968646
64.2138	251.585	332.3764798	565.4717461	880.0198084	1001.076769	1412.504707	2048.826764	2474.664961	2463.582456	2737.068448	2943.89139	3240.262737	3718.071097	4232.373462	4707.122775	5499.943882	6647.922342	6119.386986	6787.130184	8112.63359	6455.985422	6629.925963	11149.5818
64.2138	354.0306355	500.0838987	682.1427525	806.5603618	1118.6324	1426.143583	1872.950792	2206.564919	2573.165643	2833.764597	3171.566372	3243.910375	3727.832458	4104.794596	4993.559452	5381.72526	5979.138094	6359.338972	7406.473388	7540.03176	7851.630177	8390.365086	6281.784995
64.2138	152.9833534	508.6369256	331.5385704	775.1500203	1154.63851	1492.494798	1903.503882	2363.73652	2689.408733	2795.099818	3205.522672	3420.238517	3740.47367	4142.044628	5057.121622	5805.611829	5904.100721	6619.721636	7279.625199	7796.032148	6010.745061	8761.629135	9222.528923
64.2138	168.123223	293.6248188	570.1453979	707.6733084	993.68318	1144.832755	1465.023556	1582.268794	1979.255639	2545.273834	2725.403959	3094.402858	3644.924723	3907.012092	4106.572479	4618.980471	5120.642305	5555.670142	5674.983381	6807.739044	6918.623926	6453.867292	7713.186656
64.2138	247.5495665	273.9620878	418.5576198	655.2299364	1082.267417	1353.139892	1752.35545	2111.948048	2633.783479	3050.17091	3384.950967	3579.819493	3990.681282	4094.721755	4521.6807	4918.980962	5300.913559	6655.202545	5758.983696	6367.860279	6645.326785	7606.056751	7254.67369
64.2138	145.3342504	517.6241118	465.1406404	604.7752622	800.9767388	1440.711469	1666.94022	2269.762736	2668.601148	2874.027734	3048.038417	3299.410274	3542.392213	3802.447867	4090.767951	4410.877101	4752.073248	5077.826042	5966.632841	6012.257456	6766.978602	7412.005143	6320.593847
64.2138	187.9825821	264.0067845	387.9028723	701.6995577	992.9328761	1263.681516	1564.787449	1919.107439	2319.898221	2697.049549	3034.430691	3540.790307	3930.449675	4249.923069	4379.817115	4999.058448	5499.335781	5606.604564	6510.305457	6735.422773	7119.12348	7569.727653	7860.093596
0	0	0	0	0	0	0	0	0	0	0	0	0	0	0	0	0	0	0	0	0	0	0	0
																						
# Peso medio Poblacional
64	252	420	640	918	1221	1517	1810	2115	2396	2725	3099	3459	3779	4235	4606	4943	5249	5658	6095	6275	6601	7074	7357
64	252	420	640	918	1221	1517	1810	2115	2396	2725	3099	3459	3779	4235	4606	4943	5249	5658	6095	6275	6601	7074	7357
64	252	420	640	918	1221	1517	1810	2115	2396	2725	3099	3459	3779	4235	4606	4943	5249	5658	6095	6275	6601	7074	7357
64	252	420	640	918	1221	1517	1810	2115	2396	2725	3099	3459	3779	4235	4606	4943	5249	5658	6095	6275	6601	7074	7357
53	301	287	524	696	917	1125	1368	1685	1989	2198	2532	2861	3201	3542	4016	4426	5054	5597	6021	6265	6631	7291	8035
53	259	284	505	831	933	1230	1531	1788	2327	2977	3225	3759	4151	4959	5434	5853	6021	6538	7083	7310	7216	7670	8262
155	259	495	604	728	1016	1412	1736	2005	2179	2438	2703	2998	3406	3934	4338	4967	5176	5390	5845	5931	6249	6249	7050
42	233	318	649	976	1262	1551	1854	2147	2425	2840	3377	3816	4343	4908	5278	5855	6185	6500	7001	7006	6792	7299	8009
36	191	449	566	1033	1478	1824	2059	2349	2642	2947	3376	3672	3924	4563	4771	5094	5452	5749	6255	6413	6958	6522	6675
64	204	470	586	683	904	1403	1782	2103	2389	2648	3008	3385	3781	4268	4645	4969	5378	5799	5801	5992	6463	6115	6746
41	276	392	520	678	907	1288	1764	2177	2411	2740	3031	3471	3883	4302	4846	5160	5521	6215	6963	7597	7497	7794	8388
64	176	340	610	825	1096	1414	1816	2059	2270	2653	3081	3455	3969	4419	4990	5237	5590	5885	6413	6937	6686	6847	6527
64	160	341	470	765	1021	1358	1676	1953	2276	2623	3021	3345	3802	4212	4681	5060	5312	5457	6195	5722	5664	6555	6739
64	117	486	621	746	939	1266	1596	1951	2235	2445	2773	3215	3567	3955	4316	4622	5024	5226	5718	5998	6233	6464	7069
64	252	514	680	754	981	1075	1323	1666	1862	2095	2360	2743	3181	3540	3831	4093	4467	4888	5449	5699	6215	6427	7042
64	252	426	591	851	1314	1276	1431	1674	1916	2051	2339	2660	3026	3434	3976	4289	4581	4997	5370	5829	6669	6767	7771
64	388	389	534	899	1086	1208	1327	1599	1815	2048	2387	2708	2998	3356	3768	4034	4503	4970	5018	5481	5976	6475	5774
64	252	363	493	858	1187	1520	1765	2036	2377	2575	2808	3134	3370	3912	4070	4376	4729	4661	4884	5384	4934	4086	4307
64	252	397	656	1211	1644	1896	2296	2456	2881	3159	3625	4006	4156	4950	5396	6061	6035	5950	7101	6547	9492	9727	7357
64	321	473	633	1081	1428	1918	2318	2612	2827	3125	3453	3699	3846	4112	4770	5292	5489	5521	5831	5831	6126	6004	6170
64	252	325	870	1176	1438	1796	2128	2528	2807	3117	3474	3839	4118	4443	5130	5593	5899	6239	5658	6245	6303	7328	6562
64	252	373	653	961	1249	1645	1979	2406	2714	3015	3314	3802	4042	4445	4997	5252	5720	5667	5364	6879	5531	8240	5674
64	252	420	731	913	1280	1565	1978	2382	2743	3010	3230	3623	3878	4127	4593	5276	5608	5495	5884	6109	6891	7605	8698
64	326	360	631	874	1224	1674	2009	2304	2729	3090	3298	3759	3985	4151	4485	4635	4818	5014	4997	5296	5690	5523	5432
64	252	403	538	869	1265	1624	2096	2466	2767	3118	3342	3952	4088	4429	5083	5810	5977	5831	5905	7198	9068	9847	11971
64	178	478	557	823	1287	1746	2178	2545	2833	3257	3549	3943	4293	4755	5246	5630	5850	5907	6892	7380	7856	6762	8017
64	252	533	766	1113	1390	1779	2254	2597	2919	3149	3549	3945	4200	4673	4928	5574	5571	5878	6178	6652	7793	7572	11798
64	361	460	692	1041	1556	1879	2339	2741	3021	3326	3627	3951	4313	4649	4946	5235	5480	5914	5911	7192	6327	6477	5922
64	279	388	799	1083	1518	1925	2281	2495	2685	3080	3551	3996	4498	4786	5278	5178	5343	6032	6383	6384	4987	7074	7086
64	571	527	594	815	1280	1535	1881	2341	2504	2964	3188	3635	3812	4139	4784	5129	5676	5851	5999	6580	7455	8165	7298
64	252	557	591	791	1125	1436	1923	2059	2539	2854	3272	3665	4048	4380	5006	5358	6004	6432	6413	6712	6543	6407	7334
64	270	366	539	869	1235	1701	1935	2238	2574	3018	3282	3724	4100	4548	5070	5516	5971	6064	6361	6293	6902	7271	8231
64	278	488	589	902	1272	1520	1929	2250	2529	2887	3250	3608	3995	4419	4926	5466	6064	6462	7050	7073	7040	8989	8459
64	195	332	458	769	1066	1408	1578	1894	2202	2596	2962	3399	3757	4310	4831	5237	5804	6300	6857	6954	7360	8053	8785
64	209	273	553	773	1086	1471	1831	2208	2622	3005	3447	3837	4226	4734	4927	5568	6229	6647	7217	7806	8401	7952	7938
64	164	284	574	742	1263	1494	1760	2133	2423	2750	3080	3437	3889	4200	4532	5160	5562	5799	6198	6557	8002	7136	8135
64	196	320	424	842	1213	1485	1676	1888	2519	2797	3239	3592	3968	4324	4744	5200	5609	6103	6610	7159	7301	7799	8074
64	196	320	424	842	1213	1485	1676	1888	2519	2797	3239	3592	3968	4324	4744	5200	5609	6103	6610	7159	7301	7799	8074

# Peso Inicial
64	127	325	519	767	1059	1361	1657	1956	2251	2555	2906	3274	3615	4001	4417	4772	5094	5450	5872	6184	6436	6833	7214
64	127	325	519	767	1059	1361	1657	1956	2251	2555	2906	3274	3615	4001	4417	4772	5094	5450	5872	6184	6436	6833	7214
64	127	325	519	767	1059	1361	1657	1956	2251	2555	2906	3274	3615	4001	4417	4772	5094	5450	5872	6184	6436	6833	7214
64	127	325	519	767	1059	1361	1657	1956	2251	2555	2906	3274	3615	4001	4417	4772	5094	5450	5872	6184	6436	6833	7214
53	139	269	469	667	918	1172	1441	1746	2051	2295	2627	2978	3327	3658	4124	4515	4998	5420	5837	6179	6451	6937	7539
53	117	293	381	660	806	1062	1312	1564	1980	2433	2663	3086	3446	3984	4387	4849	5162	5748	6296	6634	6724	7132	7761
155	117	358	414	607	919	1148	1461	1752	1974	2382	2837	3110	3578	4041	4638	5195	5505	5697	6182	6481	6759	6715	7353
42	190	287	567	768	958	1255	1618	1930	2205	2488	2870	3212	3608	4088	4557	5039	5543	5801	6143	6399	6347	6753	7075
36	90	324	425	819	1201	1517	1787	2087	2382	2673	3097	3521	3869	4451	4839	5185	5650	5963	6377	6701	6982	6656	6980
64	86	300	513	622	966	1440	1803	2081	2369	2645	2977	3381	3726	4093	4604	4869	5234	5623	5775	6122	6438	6523	6633
41	133	283	494	630	787	1079	1573	1970	2252	2559	2833	3231	3625	4033	4548	4896	5237	5782	6354	6639	6702	7098	7162
64	85	306	489	655	862	1132	1530	1906	2223	2529	2906	3236	3711	4142	4633	5037	5371	5700	6313	6950	7127	7164	7132
64	101	245	399	683	918	1220	1539	1883	2165	2440	2831	3210	3625	4088	4548	5025	5274	5523	6038	6058	6268	6620	6793
64	87	279	460	592	848	1137	1472	1808	2089	2359	2697	3116	3454	3878	4264	4651	5042	5269	5586	6096	5972	6051	6807
64	127	245	575	684	855	1004	1294	1630	1906	2164	2402	2758	3198	3554	3892	4203	4544	4956	5336	5708	6106	6329	6747
64	127	327	551	761	995	1119	1240	1488	1786	1954	2214	2505	2881	3305	3752	4054	4330	4725	5123	5636	6165	6485	7067
64	158	313	477	729	961	1260	1301	1513	1743	1981	2213	2517	2824	3187	3597	4005	4395	4772	5007	5425	5902	6571	6251
64	127	375	438	677	1033	1285	1460	1644	1950	2162	2398	2735	3021	3425	3695	4061	4368	4582	4927	5198	5200	4941	5281
64	127	316	488	773	1188	1500	1868	2082	2422	2740	3055	3354	3609	4084	4595	4967	5139	5304	5753	5655	7149	6928	5482
64	144	345	501	842	1315	1776	2097	2449	2635	3001	3303	3662	3925	4134	4859	5344	5768	5772	5890	6435	6333	7549	7747
64	127	323	642	863	1247	1601	2020	2421	2708	2968	3295	3641	3903	4134	4593	5165	5587	5852	5589	6035	6063	6700	6277
64	127	306	461	914	1212	1538	1885	2263	2620	2909	3214	3634	3939	4278	4712	5191	5656	5782	5785	6239	5877	7207	6448
64	127	325	522	772	1109	1398	1804	2171	2569	2858	3121	3465	3840	4084	4518	5135	5427	5606	5775	5724	6885	6486	8466
64	145	301	515	799	1057	1464	1773	2135	2549	2911	3151	3485	3800	4012	4302	4614	5042	5303	5240	5582	5895	6170	6427
64	127	363	440	741	1052	1410	1873	2226	2525	2917	3214	3610	3920	4201	4593	5104	5263	5300	5441	5997	6930	7485	8131
64	107	347	474	665	1058	1486	1881	2310	2643	3002	3326	3630	4119	4409	4820	5349	5830	5942	6339	6601	7520	7831	8885
64	127	308	606	787	1069	1513	1983	2379	2726	2987	3400	3741	4069	4479	4841	5408	5600	5864	6041	6771	7584	7713	8932
64	152	340	607	893	1316	1616	2040	2485	2801	3116	3380	3744	4125	4419	4808	5079	5527	5740	5895	6666	6488	7104	6696
64	134	375	606	866	1257	1731	2070	2416	2713	3050	3437	3807	4215	4543	4953	5061	5289	5750	6144	6143	5989	6690	6775
64	191	383	480	807	1177	1526	1903	2311	2499	2821	3133	3593	3903	4315	4785	5203	5421	5592	6016	6481	6899	6381	7185
64	127	564	558	685	957	1356	1718	1968	2438	2673	3115	3418	3836	4086	4552	5063	5550	6042	6126	6345	6562	6911	7738
64	132	303	548	717	989	1383	1667	2075	2302	2768	3060	3491	3876	4291	4712	5255	5656	6034	6396	6352	6806	6897	7262
64	134	363	464	697	1052	1371	1811	2087	2379	2726	3132	3441	3857	4257	4733	5265	5784	6212	6539	6707	6656	7877	7842
64	112	304	473	673	981	1339	1549	1911	2226	2562	2924	3324	3682	4149	4620	5079	5633	6181	6656	7002	7215	7530	8887
64	116	231	429	595	914	1252	1606	1867	2229	2573	2991	3371	3790	4217	4608	5186	5712	6211	6743	7316	7643	7650	7995
64	103	244	396	640	988	1274	1609	1976	2313	2686	3042	3442	3863	4213	4632	5042	5565	6010	6419	6879	7903	7742	8043
64	112	229	347	695	949	1369	1582	1823	2318	2603	2985	3326	3693	4101	4464	4855	5380	5826	6191	6661	6919	7900	7590
64	112	251	369	598	1011	1342	1578	1779	2181	2655	3010	3411	3776	4142	4530	4967	5401	5851	6351	6879	7230	7546	7935
																							
# OK: Natural Mortality																							
0.21																							
																							
# OK: msex																							
0	0	0	0.0001	0.0007	0.0056	0.0366	0.1453	0.3012	0.486	0.7216	0.883	0.951	0.9758	0.9854	0.9897	0.9922	0.9938	0.9952	0.9963	0.9974	0.9983	0.9992	1
0	0	0	0.0001	0.0007	0.0056	0.0366	0.1453	0.3012	0.486	0.7216	0.883	0.951	0.9758	0.9854	0.9897	0.9922	0.9938	0.9952	0.9963	0.9974	0.9983	0.9992	1
0	0	0	0.0001	0.0007	0.0056	0.0366	0.1453	0.3012	0.486	0.7216	0.883	0.951	0.9758	0.9854	0.9897	0.9922	0.9938	0.9952	0.9963	0.9974	0.9983	0.9992	1
0	0	0	0.0001	0.0007	0.0056	0.0366	0.1453	0.3012	0.486	0.7216	0.883	0.951	0.9758	0.9854	0.9897	0.9922	0.9938	0.9952	0.9963	0.9974	0.9983	0.9992	1
0	0	0	0.0001	0.0007	0.0056	0.0366	0.1453	0.3012	0.486	0.7216	0.883	0.951	0.9758	0.9854	0.9897	0.9922	0.9938	0.9952	0.9963	0.9974	0.9983	0.9992	1
0	0	0	0.0001	0.0007	0.0056	0.0366	0.1453	0.3012	0.486	0.7216	0.883	0.951	0.9758	0.9854	0.9897	0.9922	0.9938	0.9952	0.9963	0.9974	0.9983	0.9992	1
0	0	0.0002	0.0009	0.0041	0.0178	0.0738	0.2383	0.4683	0.6593	0.7978	0.8845	0.933	0.9592	0.9737	0.9821	0.9873	0.9907	0.9932	0.9951	0.9966	0.9979	0.999	1
0	0	0.0001	0.0004	0.0021	0.0116	0.0579	0.2075	0.4301	0.635	0.7942	0.891	0.941	0.9657	0.9784	0.9853	0.9894	0.9922	0.9942	0.9957	0.997	0.9981	0.9991	1
0	0	0	0.0003	0.0017	0.0102	0.0538	0.1981	0.4161	0.624	0.7907	0.8917	0.9428	0.9673	0.9795	0.986	0.9899	0.9925	0.9943	0.9958	0.9971	0.9982	0.9991	1
0	0	0.0002	0.0011	0.005	0.0219	0.0886	0.2778	0.5384	0.7376	0.8588	0.9234	0.9559	0.9725	0.9815	0.9867	0.9901	0.9925	0.9943	0.9958	0.997	0.9981	0.9991	1
0	0	0	0.0003	0.0019	0.0111	0.0573	0.2089	0.4393	0.6536	0.8134	0.9047	0.9494	0.9706	0.9812	0.9869	0.9904	0.9928	0.9945	0.9959	0.9971	0.9982	0.9991	1
0	0	0	0.0002	0.0015	0.0099	0.0547	0.207	0.4482	0.6783	0.84	0.9232	0.9603	0.9767	0.9846	0.9889	0.9915	0.9934	0.9949	0.9962	0.9973	0.9983	0.9992	1
0	0	0	0.0003	0.0016	0.0097	0.0511	0.1871	0.3857	0.5742	0.7421	0.8583	0.9232	0.9564	0.9734	0.9826	0.9879	0.9913	0.9936	0.9954	0.9968	0.998	0.9991	1
0	0.0001	0.0004	0.0017	0.0069	0.0265	0.0962	0.2834	0.5315	0.7182	0.8374	0.9065	0.9443	0.965	0.9766	0.9836	0.9881	0.9912	0.9935	0.9952	0.9967	0.998	0.999	1
0	0	0	0.0001	0.0008	0.0066	0.042	0.17	0.3809	0.624	0.8253	0.9259	0.9652	0.9803	0.9869	0.9902	0.9923	0.9939	0.9952	0.9963	0.9974	0.9983	0.9992	1
0	0	0	0.0001	0.0007	0.0057	0.037	0.1464	0.3005	0.4722	0.6928	0.8601	0.9389	0.9702	0.9828	0.9885	0.9915	0.9935	0.995	0.9962	0.9973	0.9983	0.9992	1
0	0	0	0.0001	0.0006	0.0055	0.0357	0.141	0.2835	0.4421	0.6746	0.86	0.9431	0.9733	0.9845	0.9894	0.992	0.9938	0.9952	0.9963	0.9974	0.9983	0.9992	1
0	0	0	0.0001	0.0007	0.0057	0.0362	0.1415	0.2768	0.3977	0.5738	0.7643	0.8871	0.9458	0.9714	0.983	0.9888	0.9921	0.9943	0.9958	0.9971	0.9982	0.9991	1
0	0	0	0.0001	0.0011	0.0079	0.0464	0.1802	0.3896	0.6085	0.7941	0.9017	0.9513	0.973	0.983	0.9882	0.9912	0.9933	0.9948	0.9961	0.9972	0.9982	0.9992	1
0	0	0	0.0001	0.0007	0.0058	0.0375	0.1497	0.3167	0.5176	0.7482	0.894	0.9543	0.9767	0.9856	0.9898	0.9921	0.9938	0.9952	0.9963	0.9974	0.9983	0.9992	1
0	0	0	0.0001	0.0008	0.0064	0.0405	0.1625	0.3566	0.5839	0.7954	0.9121	0.9597	0.9781	0.9859	0.9898	0.9921	0.9938	0.9951	0.9963	0.9973	0.9983	0.9992	1
0	0	0	0.0001	0.0006	0.0053	0.0344	0.1338	0.2552	0.3921	0.6921	0.91	0.9711	0.9853	0.9895	0.9916	0.993	0.9942	0.9954	0.9964	0.9974	0.9983	0.9992	1
0	0	0	0.0001	0.0007	0.0059	0.0377	0.1491	0.3086	0.4858	0.7023	0.8622	0.9384	0.9694	0.9822	0.9881	0.9913	0.9934	0.9949	0.9962	0.9973	0.9983	0.9992	1
0	0	0	0.0001	0.0006	0.0054	0.0351	0.1371	0.2654	0.3858	0.5934	0.8102	0.9239	0.9666	0.9822	0.9886	0.9917	0.9936	0.9951	0.9963	0.9973	0.9983	0.9992	1
0	0	0	0	0	0.0004	0.0025	0.0145	0.0682	0.2396	0.5368	0.7862	0.9105	0.9599	0.979	0.987	0.9909	0.9932	0.9949	0.9962	0.9973	0.9983	0.9992	1
0	0	0	0.0001	0.0011	0.0078	0.045	0.1702	0.3498	0.5366	0.7421	0.8818	0.9452	0.9711	0.9823	0.9878	0.991	0.9931	0.9947	0.9961	0.9972	0.9982	0.9992	1
0	0	0	0.0001	0.0011	0.0078	0.045	0.1702	0.3498	0.5366	0.7421	0.8818	0.9452	0.9711	0.9823	0.9878	0.991	0.9931	0.9947	0.9961	0.9972	0.9982	0.9992	1
0	0	0	0.0001	0.0011	0.0078	0.045	0.1702	0.3498	0.5366	0.7421	0.8818	0.9452	0.9711	0.9823	0.9878	0.991	0.9931	0.9947	0.9961	0.9972	0.9982	0.9992	1
0	0	0	0.0001	0.0011	0.0078	0.045	0.1702	0.3498	0.5366	0.7421	0.8818	0.9452	0.9711	0.9823	0.9878	0.991	0.9931	0.9947	0.9961	0.9972	0.9982	0.9992	1
0	0	0	0.0001	0.0011	0.0078	0.045	0.1702	0.3498	0.5366	0.7421	0.8818	0.9452	0.9711	0.9823	0.9878	0.991	0.9931	0.9947	0.9961	0.9972	0.9982	0.9992	1
0	0	0	0.0001	0.0011	0.0078	0.045	0.1702	0.3498	0.5366	0.7421	0.8818	0.9452	0.9711	0.9823	0.9878	0.991	0.9931	0.9947	0.9961	0.9972	0.9982	0.9992	1
0	0	0	0.0001	0.0011	0.0078	0.045	0.1702	0.3498	0.5366	0.7421	0.8818	0.9452	0.9711	0.9823	0.9878	0.991	0.9931	0.9947	0.9961	0.9972	0.9982	0.9992	1
0	0	0	0.0001	0.0011	0.0078	0.045	0.1702	0.3498	0.5366	0.7421	0.8818	0.9452	0.9711	0.9823	0.9878	0.991	0.9931	0.9947	0.9961	0.9972	0.9982	0.9992	1
0	0	0	0.0001	0.0011	0.0078	0.045	0.1702	0.3498	0.5366	0.7421	0.8818	0.9452	0.9711	0.9823	0.9878	0.991	0.9931	0.9947	0.9961	0.9972	0.9982	0.9992	1
0	0	0	0.0001	0.0011	0.0078	0.045	0.1702	0.3498	0.5366	0.7421	0.8818	0.9452	0.9711	0.9823	0.9878	0.991	0.9931	0.9947	0.9961	0.9972	0.9982	0.9992	1
0	0	0	0.0001	0.0011	0.0078	0.045	0.1702	0.3498	0.5366	0.7421	0.8818	0.9452	0.9711	0.9823	0.9878	0.991	0.9931	0.9947	0.9961	0.9972	0.9982	0.9992	1
0	0	0	0.0001	0.0011	0.0078	0.045	0.1702	0.3498	0.5366	0.7421	0.8818	0.9452	0.9711	0.9823	0.9878	0.991	0.9931	0.9947	0.9961	0.9972	0.9982	0.9992	1
0	0	0	0.0001	0.0011	0.0078	0.045	0.1702	0.3498	0.5366	0.7421	0.8818	0.9452	0.9711	0.9823	0.9878	0.991	0.9931	0.9947	0.9961	0.9972	0.9982	0.9992	1
																							
# offset																							
-999																							
