# Number of parameters = 157  Objective function value = 11687.4  Maximum gradient component = 5.37681e-06
# log_selA:
 2.92587 2.95127 1.89310 2.62957 3.05441
# log_selB:
 1.50015 1.63841 0.500001 1.40753 1.67021
# log_selC:
 5.29835 4.60195 3.05917 2.80200 1.00685
# log_qpal:
-11.3862102009
# log_qcru:
0.637009590271
# log_qarr:
 -12.5839644226 -11.5809351302
# log_Ro:
18.8858161906
# mu:
 0.0594780851864 0.00330608042909 -0.0372797251672 -0.0782478002278 -0.129152459059 -0.138530415361 -0.233873453360 -0.172629919060 -0.160591224434 -0.0710357201681 -0.0790857512193 -0.0871087211174 0.0944260772107 0.111376276241 0.176438293677 0.279109293562 0.240576266828 0.231035159516 0.171633206915 0.192224536192 0.173935823824 0.186346987498 0.194164163425 0.224349447237 0.383446915671 0.218189718110 0.162411164489 0.185257081273 0.172451957649 0.111373497849 0.171544863631 0.0194587841534 0.202215569051 0.294802739043 0.0110798936670 -0.0332246079081 2.04040917495e-09
# log_Farr:
 -4.93070330473 -2.09001412384 -1.73860815939 -1.83093943887 -1.67484345198 -1.41725057127 -1.69760639667 -1.68601066728 -1.85116326100 -1.53160151363 -1.47203856908 -1.46032468909 -1.40815145481 -1.65545550076 -1.85084440134 -1.56298775392 -1.96124351045 -1.70334809093 -1.75601170294 -1.81359630774 -1.81448408955 -1.90069432188 -1.71758325489 -1.72955428680 -1.78803469016 -1.67667109264 -1.51140420681 -1.38584533878 -1.43397086947 -1.33441914880 -1.32805860035 -1.31981430361 -1.34983797209 -1.32195133130 -1.31339507864 -1.23678788646 -1.20233773126 -1.74962165383
# log_Fesp:
 -6.87276669071 -6.96260567882 -6.70844712848 -5.48403515429 -4.26341683448 -3.91739095631 -2.94641533458 -2.46740623268 -2.81801601524 -2.57474600631 -2.99675346776 -2.38504741657 -2.91049752227 -2.96456024444 -2.91809841370 -2.87590754917 -2.76289498719 -2.76531904031 -2.67657976658 -2.56389583892 -2.37785293893 -2.49942676471 -2.39307353256 -2.33676515070 -2.36888161879 -2.38158955185 -2.26555088153 -2.26162356901 -2.38936918408 -2.58562900443 -2.98619390452 -3.25592727208 -3.27013328812 -3.78197075043
# log_Fpal:
 -3.86679646741 -2.94629220404 -2.42436567431 -2.56466101981 -2.26442532195 -2.78831813480 -3.18360118260 -3.09901140981 -2.62007569320 -2.81389331632 -3.03972624217 -2.54055730308 -2.53238282396 -2.35547654520 -2.21835923184 -2.19241971201 -2.11378099681 -2.15914688881 -2.29847783844 -2.28945950659 -2.45108628181 -2.39100029514 -2.31662051131 -2.39395654992 -3.00787476782 -2.62287445833 -3.10038348880 -3.64721338397
