# Number of parameters = 158  Objective function value = 8161.42  Maximum gradient component = 4.02211e-05
# log_selA:
 2.84150 2.94284 1.88429 2.60307 2.99885
# log_selB:
 1.39586 1.64309 0.500000 1.39366 1.62859
# log_selC:
 5.29831 4.60516 2.93160 3.02399 1.92366
# log_qpal:
-12.0099428317
# log_qcru:
0.300824295091
# log_qarr:
 -11.9442984779 -11.8561719632
# log_qesp:
-12.9808748187
# log_Ro:
18.9732882901
# mu:
 0.159129823586 0.137130820955 0.147406435694 0.103247412101 0.0982702312543 0.00900385782353 -0.0285059481569 -0.0281578026443 -0.0445693055027 0.00242370483429 -0.0617527281415 -0.0830066970810 0.0447853003828 0.0710983667138 0.232001451952 0.359844217065 0.379407674241 0.293455297683 0.136699594524 0.179948409994 0.160042073886 0.176614772383 0.137816132374 0.116294078202 0.141317823332 -0.147803325629 -0.283624033001 -0.337373473300 -0.363459833775 -0.362300503740 -0.235938835686 -0.241121449034 -0.103399009284 -0.0222140028930 -0.0523778135203 -0.0245977606373 -1.09116382596e-08
# log_Farr:
 -4.79939949340 -1.95886500049 -1.64478212763 -1.73450044097 -1.55659383074 -1.50640076019 -1.62579302245 -1.79072091217 -1.90016774615 -1.52269986211 -1.52611040483 -1.51904897365 -1.41752959796 -1.62054474327 -1.68522973025 -1.37189403425 -1.72763623759 -1.56086502275 -1.88431755518 -1.87543002005 -1.92435570279 -2.00469817141 -1.83672122370 -1.83364324720 -1.95857183669 -1.88530096533 -1.72693070773 -1.58932222303 -1.58887944610 -1.38528726356 -1.35301913533 -1.32731362643 -1.26539339473 -1.10015506599 -1.17116693315 -0.953940839562 -0.899931379655 -1.34199629494
# log_Fesp:
 -6.71045612608 -6.96949374038 -6.67561133125 -5.61335620588 -4.45541889723 -3.95263923494 -3.00438611185 -2.56952491011 -2.87253344202 -2.58545083658 -2.88889310021 -2.23026026525 -2.73321096963 -2.93655500649 -3.14836902404 -3.15028924235 -2.97018594410 -2.90074743943 -2.78457697237 -2.62112947788 -2.43024162595 -2.57371759582 -2.43770418749 -2.41000183622 -2.39096984145 -2.32669933592 -2.18007724254 -2.11253047394 -2.22133137772 -2.39450071612 -2.76670390521 -2.88515393972 -2.79103399320 -3.22586149782
# log_Fpal:
 -4.07725726323 -3.16424195656 -2.68314815924 -2.77020196325 -2.32218059078 -2.88147784284 -3.12343810994 -3.13519993229 -2.93962341156 -3.12814319783 -3.48324788688 -2.91108123613 -2.86873339305 -2.65271567361 -2.59867950717 -2.56672326404 -2.41431184773 -2.47787052869 -2.70115931823 -2.51271425797 -2.68953110521 -2.65639062667 -2.49237682183 -2.48363459769 -3.18133653015 -2.61308045206 -2.85256510449 -3.30120000445
