# Number of parameters = 154  Objective function value = 5672.68  Maximum gradient component = 3.22419e-06
# log_selA:
 2.97061 2.97941 2.51760 3.03811
# log_selB:
 1.54838 1.66742 1.25312 1.66850
# log_selC:
 5.29831 4.60407 2.52042 2.99366
# log_qpal:
-10.9072163724
# log_qcru:
0.806576394450
# log_qarr:
 -12.2082968120 -11.2218873695
# log_Ro:
18.8733383267
# mu:
 0.0296869229013 0.0656026304631 0.0781599252737 0.0172736627401 -0.104702640019 -0.0803389591904 -0.259644250950 -0.119976381213 -0.152451870737 -0.120383899015 -0.0807885140264 -0.119384055262 0.0883060550037 0.0579652719467 0.128113753365 0.222883956844 0.190747177221 0.142243310427 0.0837977973215 0.124596796862 0.0923599106119 0.0523608909721 0.0524945485498 0.0293079498829 0.121224675935 -0.121663771858 -0.170775421129 -0.141008163919 -0.0988694516993 -0.0277187158909 0.0228126597041 0.0125509280351 0.259470101159 0.428872758243 0.0670819539250 -0.0152228264494 1.78141279505e-10
# log_Farr:
 -4.74091303643 -1.88904805081 -1.51128206811 -1.58439712477 -1.41326221124 -1.14239993840 -1.41249044650 -1.39888857116 -1.55290366919 -1.25199789591 -1.24327031863 -1.15139176354 -1.01556349610 -1.21066385727 -1.37237268607 -1.05811832794 -1.51975518896 -1.32806355019 -1.43207145349 -1.51040791248 -1.54363464451 -1.66290498606 -1.43542416137 -1.40800065880 -1.92437844360 -1.82428277676 -1.66542565454 -1.53834078195 -1.57903115637 -1.46566116856 -1.45196227502 -1.44072998379 -1.45087271498 -1.40878896783 -1.38754436561 -1.28609003553 -1.21765574696 -1.73541505357
# log_Fesp:
 -6.35900013639 -6.42666076850 -6.15749556149 -4.93133637839 -3.71831384422 -3.38216827193 -2.42159268377 -1.93715293331 -2.26373751237 -1.99566606630 -2.38500518567 -2.33505962738 -2.88770004905 -2.95405347336 -2.91232573102 -2.87224350926 -2.88712568137 -2.88544466068 -2.78901580518 -2.66083710490 -2.46410184323 -2.50853366205 -2.42043080937 -2.36360693891 -2.37911888155 -2.41697169225 -2.32375015162 -2.35295195023 -2.42364240734 -2.56015904416 -2.92124302574 -3.20093351238 -3.17216740621 -3.67115754730
# log_Fpal:
 -3.41405816268 -2.45011309042 -1.86545025109 -1.95921443883 -1.63877463027 -2.13416896801 -2.56648063478 -2.53112675842 -2.12797297096 -2.38385094807 -2.61227854131 -2.15472312122 -2.12520640867 -1.94356414838 -1.80101676191 -1.79769475480 -1.81753315346 -1.81999153385 -1.92016193888 -1.89715008699 -2.05360896691 -2.01648979678 -1.91472957640 -1.96828027262 -2.55734568294 -2.13058729740 -2.56520274406 -3.08183333038
