# Number of parameters = 154  Objective function value = 5678.72  Maximum gradient component = 1.30408e-05
# log_selA:
 3.01341 2.96546 2.51604 3.04727
# log_selB:
 1.60278 1.65575 1.25073 1.67843
# log_selC:
 5.29833 4.60372 2.51061 2.99282
# log_qpal:
-10.9731743787
# log_qcru:
0.608100997772
# log_qarr:
 -12.4149615048 -11.4996518406
# log_Ro:
18.9639090606
# mu:
 -0.0191439845097 0.0147966039793 0.0204704010684 -0.0457029252580 -0.169387285841 -0.142947371697 -0.304321990025 -0.143031926781 -0.148118968039 -0.0861110685343 -0.0217221206196 -0.0399425453317 0.181028473205 0.164019883772 0.237275495728 0.329975617193 0.300522715726 0.251640463900 0.198686952963 0.235264724667 0.200102680430 0.151141375481 0.139664650532 0.0969249581031 0.173360031763 -0.0659994232492 -0.123558344341 -0.102765692653 -0.0706892754298 -0.00840946731407 0.0346356018617 0.0189033122947 0.262478698588 0.429630246497 0.0670957166977 -0.0152874463999 -4.18232526389e-09
# log_Farr:
 -4.84245913406 -1.99864351200 -1.63801355002 -1.72382263219 -1.56382640586 -1.30353287074 -1.57714836836 -1.56305824709 -1.72201009222 -1.39786129653 -1.31708464594 -1.26303751161 -1.16428913063 -1.38013514423 -1.55611798111 -1.27855533976 -1.71295997904 -1.48873979918 -1.57023498958 -1.66154731788 -1.68754202289 -1.79989440935 -1.64051190495 -1.66577584042 -1.72929857985 -1.62586171711 -1.46754788942 -1.34226365751 -1.39201067742 -1.29054384448 -1.28411610555 -1.27371768265 -1.28796659881 -1.24291324613 -1.20860041847 -1.08541597173 -0.978578079151 -1.47489072753
# log_Fesp:
 -6.46780609491 -6.54014112100 -6.27313290850 -5.04636096210 -3.83049713045 -3.49076594688 -2.52131789611 -2.03057929235 -2.36093529802 -2.09479805284 -2.49160436534 -2.45103703389 -3.01434786167 -3.08945050775 -3.05951083836 -3.03416974163 -2.92809287862 -2.93979014826 -2.86034955978 -2.75320734769 -2.56915987083 -2.69551669916 -2.59426136545 -2.54089575812 -2.57339998905 -2.58035609917 -2.45585719651 -2.43454586659 -2.52862696411 -2.69139249360 -3.04966600993 -3.27185686509 -3.24412112930 -3.72829083493
# log_Fpal:
 -3.45758215067 -2.48736640948 -1.90409612981 -1.99297179721 -1.66144488894 -2.18317324179 -2.61833328018 -2.58007671627 -2.14229925859 -2.37597558081 -2.63553113096 -2.15709737619 -2.16829319540 -1.99980777169 -1.86536987125 -1.84636360214 -1.77167523693 -1.81690407693 -1.95990502477 -1.95387248486 -2.11621918404 -2.05417615748 -1.96730381768 -2.02368008408 -2.60213486452 -2.17282370102 -2.58346340504 -3.07626064290
