# Number of parameters = 157  Objective function value = 11685.7  Maximum gradient component = 1.09323e-05
# log_selA:
 2.92894 2.95262 1.89266 2.63058 3.06015
# log_selB:
 1.50271 1.64036 0.500001 1.40847 1.67483
# log_selC:
 5.29835 4.60246 3.05427 2.84229 1.00000
# log_qpal:
-11.3382869962
# log_qcru:
0.708518491100
# log_qarr:
 -12.5475787832 -11.5596252172
# log_Ro:
18.9989014804
# mu:
 0.0367850732374 -0.0240751847067 -0.0670364344236 -0.109446006198 -0.160561147007 -0.168775934789 -0.264770926737 -0.198905736342 -0.182017029410 -0.0897458796069 -0.0930359907509 -0.100490734831 0.0815520577484 0.0936391969129 0.160936882019 0.263453741892 0.223291471967 0.211395883503 0.146554402349 0.168539359232 0.149640107338 0.166197229534 0.174241796330 0.208047937362 0.379695451344 0.203903384234 0.149745298338 0.173249877447 0.160912885485 0.100368040921 0.160931270261 0.0105680336040 0.194551915808 0.289409619914 0.00892628057764 -0.0339309718677 5.38029443220e-09
# log_Farr:
 -4.89797216477 -2.05748819183 -1.70414537193 -1.79464603497 -1.63762764685 -1.37954154448 -1.65847753082 -1.64637279126 -1.81139734152 -1.49241897610 -1.43285444871 -1.42223791169 -1.37149091663 -1.62007804309 -1.81748782479 -1.53006855523 -1.92903574099 -1.67134925620 -1.72564826991 -1.78505572722 -1.78794208014 -1.87554349271 -1.69307054414 -1.70519471768 -1.76386270359 -1.65258982592 -1.48694020756 -1.36161696673 -1.41036943632 -1.31164235276 -1.30638340960 -1.30012023686 -1.33284419873 -1.30699794824 -1.29916880343 -1.22247728161 -1.18703360755 -1.73281593927
# log_Fesp:
 -6.95962830108 -7.05219301673 -6.79820300570 -5.57021957085 -4.34463741706 -3.99371468210 -3.01980476454 -2.54195957977 -2.89824959611 -2.66258415060 -3.09489010381 -2.39302321461 -2.92221944811 -2.97869530271 -2.93456539106 -2.89390025450 -2.78170747066 -2.78441573895 -2.69542743147 -2.58195071887 -2.39517456468 -2.51602208727 -2.40896825546 -2.35280240019 -2.38531797880 -2.39882637768 -2.28413342496 -2.28248794069 -2.41248924058 -2.61106300215 -3.01205500999 -3.28088240331 -3.29395944690 -3.80361816411
# log_Fpal:
 -3.81111935240 -2.89246664599 -2.37199949834 -2.51340691579 -2.21459299013 -2.73853247120 -3.13313617752 -3.04798216173 -2.56917459834 -2.76390216136 -2.99121666906 -2.49322067453 -2.48556630611 -2.30865937014 -2.17161929866 -2.14578533514 -2.06660329639 -2.11190020304 -2.25157401397 -2.24301487495 -2.40532648734 -2.34668829132 -2.27470081292 -2.35390295274 -2.96862707040 -2.58428495486 -3.06151606279 -3.60787221262
