# Number of parameters = 154  Objective function value = 5680.12  Maximum gradient component = 0.000108381
# log_selA:
 3.02749 2.98137 2.51930 3.05086
# log_selB:
 1.62030 1.67125 1.25533 1.68184
# log_selC:
 5.29833 1.52318 2.52326 2.98983
# log_qpal:
-10.9490784084
# log_qcru:
0.588845622613
# log_qarr:
 -12.3600337669 -11.4507636872
# log_Ro:
18.8560799952
# mu:
 -0.0232317952869 0.0166610001867 0.0229776417322 -0.0401761181614 -0.161083980642 -0.131442972126 -0.293503853387 -0.133234045131 -0.138848569723 -0.0746667592209 -0.0110204099012 -0.0267991079551 0.196414078756 0.186140036049 0.257594101375 0.352091432512 0.323935270937 0.277034505896 0.226856916203 0.261158084134 0.225021690464 0.171487972281 0.158776796375 0.112165069898 0.177760724138 -0.0545517143286 -0.114141508271 -0.0944938949302 -0.0637191953863 -0.00305904615759 0.0382960896194 0.0209529770727 0.263494457650 0.429888146428 0.0670402191830 -0.0153353702251 1.95539568981e-08
# log_Farr:
 -4.73285061514 -1.89550746842 -1.56513243311 -1.65747166042 -1.49637690507 -1.23892805393 -1.51667515453 -1.50224222278 -1.66397735214 -1.34011511519 -1.26424351423 -1.21173145619 -1.11338171813 -1.32912706636 -1.50420141338 -1.22639850833 -1.66070859734 -1.43699210975 -1.51869067403 -1.60981301899 -1.63513110575 -1.74698004851 -1.58646382524 -1.61199785921 -1.67597066865 -1.57263241018 -1.41522058694 -1.29040336800 -1.34115574825 -1.24080777189 -1.23507864496 -1.22397690259 -1.23755954183 -1.19234435821 -1.15951211791 -1.03581367269 -0.926801350396 -1.42241520714
# log_Fesp:
 -6.45796622733 -6.52597223267 -6.25542795753 -5.02700676697 -3.80983674079 -3.46940439825 -2.49868037323 -2.00575689187 -2.33396659124 -2.06594917529 -2.45983471230 -2.41558041188 -2.97590659392 -3.04956578589 -3.01820409977 -2.99233603915 -2.88629868453 -2.89874016275 -2.82014034726 -2.71441848495 -2.53172593645 -2.65927398259 -2.55915579305 -2.50595013379 -2.53905953370 -2.54677999356 -2.42307661793 -2.40154557598 -2.49533983881 -2.65630242438 -3.01299126785 -3.23305109198 -3.20172584269 -3.68300069455
# log_Fpal:
 -3.45538657719 -2.47920912392 -1.88977001919 -1.97362213890 -1.63844337368 -2.15737578229 -2.59179938635 -2.55412445838 -2.11624191839 -2.34934879200 -2.60853639405 -2.13002998057 -2.13970524875 -1.97019103476 -1.83459800432 -1.81513508625 -1.74069431999 -1.78543843969 -1.92877011498 -1.92359444736 -2.08651724386 -2.02457869694 -1.93775245524 -1.99350207681 -2.57214685143 -2.14287886682 -2.55284516707 -3.04487145970
