# Number of parameters = 154  Objective function value = 5678.72  Maximum gradient component = 2.32357e-006
# log_selA:
 3.01341 2.96546 2.51604 3.04727
# log_selB:
 1.60278 1.65575 1.25073 1.67843
# log_selC:
 5.29833 4.60372 2.51061 2.99282
# log_qpal:
-10.9731743675
# log_qcru:
0.608101025645
# log_qarr:
 -12.4149614918 -11.4996518192
# log_Ro:
18.9639090617
# mu:
 -0.0191439951953 0.0147965923318 0.0204703922224 -0.0457029318075 -0.169387279393 -0.142947363899 -0.304321982107 -0.143031919771 -0.148118970540 -0.0861110685275 -0.0217221202326 -0.0399425483790 0.181028471141 0.164019881975 0.237275496069 0.329975616823 0.300522713578 0.251640461745 0.198686948502 0.235264718635 0.200102674455 0.151141367987 0.139664642003 0.0969249509440 0.173360025986 -0.0659994373147 -0.123558358377 -0.102765711129 -0.0706892903277 -0.00840949243846 0.0346355859261 0.0189032777468 0.262478701189 0.429630219019 0.0670956943764 -0.0152874587280 -8.89436746476e-010
# log_Farr:
 -4.84245912717 -1.99864350614 -1.63801353832 -1.72382262330 -1.56382639615 -1.30353286306 -1.57714835631 -1.56305823761 -1.72201008337 -1.39786129147 -1.31708463924 -1.26303750499 -1.16428911642 -1.38013512350 -1.55611795752 -1.27855531041 -1.71295995176 -1.48873977649 -1.57023496892 -1.66154730113 -1.68754200936 -1.79989439379 -1.64051189323 -1.66577582854 -1.72929856821 -1.62586170144 -1.46754787444 -1.34226364671 -1.39201066688 -1.29054382985 -1.28411608797 -1.27371766278 -1.28796657974 -1.24291322498 -1.20860038950 -1.08541594026 -0.978578028449 -1.47489068676
# log_Fesp:
 -6.46780610389 -6.54014112909 -6.27313291649 -5.04636096802 -3.83049713800 -3.49076595404 -2.52131789815 -2.03057929521 -2.36093530147 -2.09479805663 -2.49160436799 -2.45103703949 -3.01434786788 -3.08945051274 -3.05951084608 -3.03416975020 -2.92809288504 -2.93979015561 -2.86034956793 -2.75320735290 -2.56915987387 -2.69551670924 -2.59426136992 -2.54089576255 -2.57339998594 -2.58035610332 -2.45585719574 -2.43454586290 -2.52862696090 -2.69139248828 -3.04966600051 -3.27185685715 -3.24412111693 -3.72829081901
# log_Fpal:
 -3.45758214686 -2.48736640542 -1.90409612921 -1.99297178861 -1.66144486914 -2.18317322363 -2.61833325925 -2.58007669451 -2.14229923978 -2.37597556308 -2.63553111915 -2.15709736685 -2.16829319260 -1.99980776914 -1.86536986509 -1.84636359482 -1.77167523223 -1.81690406981 -1.95990501557 -1.95387247789 -2.11621917614 -2.05417614716 -1.96730380365 -2.02368006803 -2.60213484554 -2.17282367786 -2.58346337287 -3.07626060768
